org.apache.commons.lang3.CharRangeTest.testContains_Charrange()
[10,2,3,7,9,11]
[10,2,3,7,9,11]
[10,2,3,7,9,11]
[10,2,3,7,9,11]
[10,2,3,7,9,11]
[10,2,3,7,9,11]
[10,2,3,7,9,11]
[10,2,3,7,9,11]
[10,2,3,7,9,11]
[10,2,3,7,9,11]
[10,2,3,7,9,11]
[10,2,3,7,9,11]
[10,2,3,7,9,11]
[10,2,3,7,9,11]
[10,2,3,7,9,11]
[10,2,3,7,9,11]
[10,2,3,7,9,11]
[10,2,3,7,9,11]
[10,2,3,7,9,11]
[10,2,3,7,8,11]
[10,2,3,7,8,11]
[10,2,3,7,8,11]
[10,2,3,7,8,11]
[10,2,3,7,8,11]
[10,2,3,7,8,11]
[10,2,3,4,6,11]
[10,2,3,4,6,11]
[10,2,3,4,6,11]
[10,2,3,4,6,11]
[10,2,3,4,6,11]
[10,2,3,4,6,11]
[10,2,3,4,6,11]
[10,2,3,4,6,11]
[10,2,3,4,6,11]
[10,2,3,4,6,11]
[10,2,3,4,6,11]
[10,2,3,4,6,11]
[10,2,3,4,6,11]
[10,2,3,4,6,11]
[10,2,3,4,6,11]
[10,2,3,4,6,11]
[10,2,3,4,6,11]
[10,2,3,4,6,11]
[10,2,3,4,6,11]
[10,2,3,4,6,11]
[10,2,3,4,6,11]
[10,2,3,4,6,11]
[10,2,3,4,6,11]
[10,2,3,4,6,11]
[10,2,3,4,6,11]
[10,2,3,4,6,11]
[10,2,3,4,6,11]
[10,2,3,4,5,11]
[10,2,3,4,5,11]
[10,2,3,4,5,11]
[10,2,3,4,5,11]
[10,2,3,4,5,11]
[10,2,3,4,5,11]
[10,2,3,4,5,11]
[10,2,3,4,5,11]
[10,2,3,4,5,11]
[10,2,3,4,5,11]
[10,2,3,4,5,11]
[10,2,3,4,5,11]
[10,2,3,4,5,11]
[10,2,3,4,5,11]
[10,2,3,4,5,11]
[10,2,3,4,5,11]
[10,2,3,4,5,11]