net.objecthunter.exp4j.ExpressionBuilderTest.testExpressionBuilder08()
[13,2,4,5,6,7,8,9,8,9,8,9,8,9,8,9,8,11,14]
[13,2,4,5,6,7,8,9,8,9,8,9,8,9,8,11,14]
[13,2,4,5,6,7,8,9,8,9,8,9,8,9,8,11,14]
[13,2,4,5,6,7,8,9,8,9,8,9,8,9,8,11,14]
[13,2,4,5,6,7,8,9,8,9,8,9,8,9,8,11,14]
[13,2,4,5,6,7,8,9,8,9,8,9,8,9,8,11,14]
[13,2,4,5,6,7,8,9,8,9,8,9,8,9,8,11,14]
[13,2,4,5,6,7,8,9,8,9,8,9,8,9,8,9,8,9,8,11,14]
[13,2,4,5,6,7,8,9,8,9,8,9,8,9,8,9,8,9,8,11,14]
[13,2,4,5,6,7,8,9,8,9,8,9,8,9,8,9,8,9,8,11,14]
[13,2,4,5,6,7,8,9,8,9,8,9,8,9,8,9,8,9,8,11,14]