1. [12,2,3,4,5,6,9,10]
2. [4,5,6,9,10,3,11,13]
3. [3,4,5,6,9,10,3]
4. [4,5,6,7,3,11,13]
5. [4,5,6,9,3,11,13]
6. [10,3,4,5,6,9,10]
7. [12,2,3,4,5,6,7]
8. [4,5,6,9,10,3,4]
9. [6,9,10,3,4,5,6]
10. [9,10,3,4,5,6,7]
11. [9,10,3,4,5,6,9]
12. [7,3,4,5,6,9,10]
13. [5,6,9,10,3,4,5]
14. [3,4,5,6,9,3]
15. [3,4,5,6,7,3]
16. [4,5,6,7,3,4]
17. [4,5,6,9,3,4]
18. [9,3,4,5,6,7]
19. [9,3,4,5,6,9]
20. [6,9,3,4,5,6]
21. [7,3,4,5,6,7]
22. [6,7,3,4,5,6]
23. [5,6,9,3,4,5]
24. [5,6,7,3,4,5]
25. [12,2,3,11,13]
26. [4,3,11,13]
27. [3,4,3]
28. [4,3,4]