org.apache.commons.math4.analysis.function.SincTest.testDerivativeShortcut()
[48,2,6,8,9,10,11,12,49]
[48,2,6,8,9,10,11,12,49]
[48,2,6,8,9,10,11,12,49]
[48,2,6,8,9,10,11,12,49]
[48,2,6,8,9,10,11,12,49]
[48,2,6,8,9,10,11,12,49]
[48,2,6,8,9,10,11,12,49]
[48,2,6,8,9,10,11,12,49]
[48,2,6,8,9,10,11,12,49]
[48,2,6,8,9,10,11,12,49]
[48,2,6,8,9,10,11,12,49]
[48,2,6,8,9,10,11,12,49]
[48,2,6,8,9,10,11,12,49]
[48,2,6,8,9,10,11,12,49]
[48,2,6,8,9,10,11,12,49]
[48,2,6,8,9,10,11,12,49]
[48,2,6,8,9,10,11,12,49]
[48,2,6,8,9,10,11,12,49]
[48,2,6,8,9,10,11,12,49]
[48,2,6,8,9,10,11,12,49]
[48,2,6,8,9,10,11,12,49]
[48,2,6,8,9,10,11,12,49]
[48,2,6,8,9,10,11,12,49]
[48,2,6,8,9,10,11,12,49]
[48,2,6,8,9,10,11,12,49]
[48,2,6,8,9,10,11,12,49]
[48,2,6,8,9,10,11,12,49]
[48,2,6,8,9,10,11,12,49]
[48,2,6,8,9,10,11,12,49]
[48,2,6,8,9,10,11,12,49]
[48,2,6,8,9,10,11,12,49]
[48,2,6,8,9,10,11,12,49]
[48,2,6,8,9,10,11,12,49]
[48,2,6,8,9,10,11,12,49]
[48,2,6,8,9,10,11,12,49]
[48,2,6,8,9,10,11,12,49]
[48,2,6,8,9,10,11,12,49]
[48,2,6,8,9,10,11,12,49]
[48,2,6,8,9,10,11,12,49]
[48,2,6,8,9,10,11,12,49]
[48,2,6,8,9,10,11,12,49]
[48,2,6,8,9,10,11,12,49]
[48,2,6,8,9,10,11,12,49]
[48,2,6,8,9,10,11,12,49]
[48,2,6,8,9,10,11,12,49]
[48,2,6,8,9,10,11,12,49]
[48,2,6,8,9,10,11,12,49]
[48,2,6,8,9,10,11,12,49]
[48,2,6,8,9,10,11,12,49]
[48,2,6,8,9,10,11,12,49]
[48,2,6,8,9,10,11,12,49]
[48,2,6,8,9,10,11,12,49]
[48,2,6,8,9,10,11,12,49]
[48,2,6,8,9,10,11,12,49]
[48,2,6,8,9,10,11,13,14,15,16,17,18,19,20,21,22,20,21,22,20,21,22,20,23,24,25,26,27,29,31,32,33,34,35,38,40,43,44,45,46,47,49]
[48,2,6,8,9,10,11,13,14,15,16,17,18,19,20,21,22,20,21,22,20,23,24,25,26,27,29,31,32,33,34,35,38,40,43,44,45,46,47,49]
[48,2,6,8,9,10,11,13,14,15,16,17,18,19,20,21,22,20,21,22,20,23,24,25,26,27,29,31,32,33,34,35,38,40,43,44,45,46,47,49]
[48,2,6,8,9,10,11,13,14,15,16,17,18,19,20,21,22,20,21,22,20,21,22,20,23,24,25,26,27,29,31,32,33,34,35,38,40,43,44,45,46,47,49]
[48,2,6,8,9,10,11,13,14,15,16,17,18,19,20,21,22,20,21,22,20,21,22,20,21,22,20,23,24,25,26,27,29,31,32,33,34,35,38,40,43,44,45,46,47,49]
[48,2,6,8,9,10,11,13,14,15,16,17,18,19,20,21,22,20,21,22,20,23,24,25,26,27,29,31,32,33,34,35,38,40,43,44,45,46,47,49]
[48,2,6,8,9,10,11,13,14,15,16,17,18,19,20,21,22,20,21,22,20,21,22,20,21,22,20,23,24,25,26,27,29,31,32,33,34,35,38,40,43,44,45,46,47,49]
[48,2,6,8,9,10,11,13,14,15,16,17,18,19,20,21,22,20,21,22,20,21,22,20,21,22,20,23,24,25,26,27,29,31,32,33,34,35,38,40,43,44,45,46,47,49]
[48,2,6,8,9,10,11,13,14,15,16,17,18,19,20,21,22,20,23,24,25,26,27,29,31,32,33,34,35,38,40,43,44,45,46,47,49]
[48,2,6,8,9,10,11,13,14,15,16,17,18,19,20,21,22,20,21,22,20,23,24,25,26,27,29,31,32,33,34,35,38,40,43,44,45,46,47,49]
[48,2,6,8,9,10,11,13,14,15,16,17,18,19,20,21,22,20,21,22,20,21,22,20,23,24,25,26,27,29,31,32,33,34,35,38,40,43,44,45,46,47,49]
[48,2,6,8,9,10,11,13,14,15,16,17,18,19,20,21,22,20,23,24,25,26,27,29,31,32,33,34,35,38,40,43,44,45,46,47,49]
[48,2,6,8,9,10,11,13,14,15,16,17,18,19,20,21,22,20,21,22,20,23,24,25,26,27,29,31,32,33,34,35,38,40,43,44,45,46,47,49]
[48,2,6,8,9,10,11,13,14,15,16,17,18,19,20,21,22,20,21,22,20,21,22,20,23,24,25,26,27,29,31,32,33,34,35,38,40,43,44,45,46,47,49]
[48,2,6,8,9,10,11,13,14,15,16,17,18,19,20,21,22,20,21,22,20,21,22,20,21,22,20,23,24,25,26,27,29,31,32,33,34,35,38,40,43,44,45,46,47,49]
[48,2,6,8,9,10,11,13,14,15,16,17,18,19,20,21,22,20,21,22,20,23,24,25,26,27,29,31,32,33,34,35,38,40,43,44,45,46,47,49]
[48,2,6,8,9,10,11,13,14,15,16,17,18,19,20,21,22,20,21,22,20,21,22,20,23,24,25,26,27,29,31,32,33,34,35,38,40,43,44,45,46,47,49]
[48,2,6,8,9,10,11,13,14,15,16,17,18,19,20,21,22,20,21,22,20,21,22,20,21,22,20,23,24,25,26,27,29,31,32,33,34,35,38,40,43,44,45,46,47,49]
[48,2,6,8,9,10,11,13,14,15,16,17,18,19,20,21,22,20,23,24,25,26,27,29,31,32,33,34,35,38,40,43,44,45,46,47,49]
[48,2,6,8,9,10,11,13,14,15,16,17,18,19,20,21,22,20,21,22,20,23,24,25,26,27,29,31,32,33,34,35,38,40,43,44,45,46,47,49]
[48,2,6,8,9,10,11,13,14,15,16,17,18,19,20,21,22,20,21,22,20,21,22,20,23,24,25,26,27,29,31,32,33,34,35,38,40,43,44,45,46,47,49]
[48,2,6,8,9,10,11,13,14,15,16,17,18,19,20,21,22,20,23,24,25,26,27,29,31,32,33,34,35,38,40,43,44,45,46,47,49]
[48,2,6,8,9,10,11,13,14,15,16,17,18,19,20,21,22,20,21,22,20,23,24,25,26,27,29,31,32,33,34,35,38,40,43,44,45,46,47,49]
[48,2,6,8,9,10,11,13,14,15,16,17,18,19,20,21,22,20,21,22,20,21,22,20,23,24,25,26,27,29,31,32,33,34,35,38,40,43,44,45,46,47,49]
[48,2,6,8,9,10,11,13,14,15,16,17,18,19,20,21,22,20,21,22,20,21,22,20,21,22,20,23,24,25,26,27,29,31,32,33,34,35,38,40,43,44,45,46,47,49]
[48,2,6,8,9,10,11,13,14,15,16,17,18,19,20,21,22,20,21,22,20,23,24,25,26,27,29,31,32,33,34,35,38,40,43,44,45,46,47,49]
[48,2,6,8,9,10,11,13,14,15,16,17,18,19,20,21,22,20,21,22,20,21,22,20,23,24,25,26,27,29,31,32,33,34,35,38,40,43,44,45,46,47,49]
[48,2,6,8,9,10,11,13,14,15,16,17,18,19,20,21,22,20,21,22,20,21,22,20,21,22,20,23,24,25,26,27,29,31,32,33,34,35,38,40,43,44,45,46,47,49]
[48,2,6,8,9,10,11,13,14,15,16,17,18,19,20,21,22,20,23,24,25,26,27,29,31,32,33,34,35,38,40,43,44,45,46,47,49]
[48,2,6,8,9,10,11,13,14,15,16,17,18,19,20,21,22,20,21,22,20,23,24,25,26,27,29,31,32,33,34,35,38,40,43,44,45,46,47,49]
[48,2,6,8,9,10,11,13,14,15,16,17,18,19,20,21,22,20,21,22,20,21,22,20,23,24,25,26,27,29,31,32,33,34,35,38,40,43,44,45,46,47,49]
[48,2,6,8,9,10,11,13,14,15,16,17,18,19,20,21,22,20,23,24,25,26,27,29,31,32,33,34,35,38,40,43,44,45,46,47,49]
[48,2,6,8,9,10,11,13,14,15,16,17,18,19,20,21,22,20,21,22,20,23,24,25,26,27,29,31,32,33,34,35,38,40,43,44,45,46,47,49]
[48,2,6,8,9,10,11,13,14,15,16,17,18,19,20,21,22,20,21,22,20,21,22,20,23,24,25,26,27,29,31,32,33,34,35,38,40,43,44,45,46,47,49]
[48,2,6,8,9,10,11,13,14,15,16,17,18,19,20,21,22,20,23,24,25,26,27,29,31,32,33,34,35,38,40,43,44,45,46,47,49]
[48,2,6,8,9,10,11,13,14,15,16,17,18,19,20,21,22,20,21,22,20,23,24,25,26,27,29,31,32,33,34,35,38,40,43,44,45,46,47,49]
[48,2,6,8,9,10,11,13,14,15,16,17,18,19,20,21,22,20,21,22,20,21,22,20,23,24,25,26,27,29,31,32,33,34,35,38,40,43,44,45,46,47,49]
[48,2,6,8,9,10,11,13,14,15,16,17,18,19,20,21,22,20,21,22,20,21,22,20,21,22,20,23,24,25,26,27,29,31,32,33,34,35,38,40,43,44,45,46,47,49]
[48,2,6,8,9,10,11,13,14,15,16,17,18,19,20,21,22,20,23,24,25,26,27,29,31,32,33,34,35,38,40,43,44,45,46,47,49]
[48,2,6,8,9,10,11,13,14,15,16,17,18,19,20,21,22,20,21,22,20,23,24,25,26,27,29,31,32,33,34,35,38,40,43,44,45,46,47,49]
[48,2,6,8,9,10,11,13,14,15,16,17,18,19,20,21,22,20,21,22,20,21,22,20,23,24,25,26,27,29,31,32,33,34,35,38,40,43,44,45,46,47,49]
[48,2,6,8,9,10,11,13,14,15,16,17,18,19,20,21,22,20,23,24,25,26,27,29,31,32,33,34,35,38,40,43,44,45,46,47,49]
[48,2,6,8,9,10,11,13,14,15,16,17,18,19,20,21,22,20,21,22,20,23,24,25,26,27,29,31,32,33,34,35,38,40,43,44,45,46,47,49]
[48,2,6,8,9,10,11,13,14,15,16,17,18,19,20,21,22,20,21,22,20,21,22,20,23,24,25,26,27,29,31,32,33,34,35,38,40,43,44,45,46,47,49]
[48,2,6,8,9,10,11,13,14,15,16,17,18,19,20,21,22,20,23,24,25,26,27,29,31,32,33,34,35,38,40,43,44,45,46,47,49]
[48,2,6,8,9,10,11,13,14,15,16,17,18,19,20,21,22,20,21,22,20,23,24,25,26,27,29,31,32,33,34,35,38,40,43,44,45,46,47,49]
[48,2,6,8,9,10,11,13,14,15,16,17,18,19,20,21,22,20,21,22,20,21,22,20,23,24,25,26,27,29,31,32,33,34,35,38,40,43,44,45,46,47,49]
[48,2,6,8,9,10,11,13,14,15,16,17,18,19,20,21,22,20,21,22,20,21,22,20,23,24,25,26,27,29,31,32,33,34,35,38,40,43,44,45,46,47,49]
[48,2,6,8,9,10,11,13,16,17,18,19,20,21,22,20,23,24,25,26,27,29,31,32,33,34,35,38,40,43,44,45,47,49]
[48,2,6,8,9,10,11,13,14,15,16,17,18,19,20,21,22,20,21,22,20,21,22,20,21,22,20,23,24,25,26,27,29,31,32,33,34,35,38,40,43,44,45,46,47,49]
[48,2,6,8,9,10,11,13,16,17,18,19,20,21,22,20,21,22,20,21,22,20,23,24,25,26,27,29,31,32,33,34,35,38,40,43,44,45,47,49]
[48,2,6,8,9,10,11,13,14,15,16,17,18,19,20,21,22,20,21,22,20,23,24,25,26,27,29,31,32,33,34,35,38,40,43,44,45,46,47,49]
[48,2,6,8,9,10,11,13,16,17,18,19,20,21,22,20,23,24,25,26,27,29,31,32,33,34,35,38,40,43,44,45,47,49]
[48,2,6,8,9,10,11,13,16,17,18,19,20,21,22,20,21,22,20,23,24,25,26,27,29,31,32,33,34,35,38,40,43,44,45,47,49]
[48,2,6,8,9,10,11,13,14,15,16,17,18,19,20,21,22,20,23,24,25,26,27,29,31,32,33,34,35,38,40,43,44,45,46,47,49]
[48,2,6,8,9,10,11,13,14,15,16,17,18,19,20,21,22,20,21,22,20,21,22,20,23,24,25,26,27,29,31,32,33,34,35,38,40,43,44,45,46,47,49]
[48,2,6,8,9,10,11,13,14,15,16,17,18,19,20,21,22,20,21,22,20,21,22,20,21,22,20,23,24,25,26,27,29,31,32,33,34,35,38,40,43,44,45,46,47,49]
[48,2,6,8,9,10,11,13,16,17,18,19,20,21,22,20,21,22,20,23,24,25,26,27,29,31,32,33,34,35,38,40,43,44,45,47,49]
[48,2,6,8,9,10,11,13,14,15,16,17,18,19,20,21,22,20,21,22,20,23,24,25,26,27,29,31,32,33,34,35,38,40,43,44,45,46,47,49]
[48,2,6,8,9,10,11,13,16,17,18,19,20,21,22,20,21,22,20,21,22,20,23,24,25,26,27,29,31,32,33,34,35,38,40,43,44,45,47,49]
[48,2,6,8,9,10,11,13,14,15,16,17,18,19,20,21,22,20,21,22,20,21,22,20,23,24,25,26,27,29,31,32,33,34,35,38,40,43,44,45,46,47,49]
[48,2,6,8,9,10,11,13,16,17,18,19,20,21,22,20,21,22,20,23,24,25,26,27,29,31,32,33,34,35,38,40,43,44,45,47,49]
[48,2,6,8,9,10,11,13,16,17,18,19,20,21,22,20,23,24,25,26,27,29,31,32,33,34,35,38,40,43,44,45,47,49]
[48,2,6,8,9,10,11,13,16,17,18,19,20,21,22,20,21,22,20,23,24,25,26,27,29,31,32,33,34,35,38,40,43,44,45,47,49]
[48,2,6,8,9,10,11,13,14,15,16,17,18,19,20,21,22,20,21,22,20,21,22,20,21,22,20,21,22,20,23,24,25,26,27,29,31,32,33,34,35,38,40,43,44,45,46,47,49]
[48,2,6,8,9,10,11,13,14,15,16,17,18,19,20,21,22,20,23,24,25,26,27,29,31,32,33,34,35,38,40,43,44,45,46,47,49]
[48,2,6,8,9,10,11,13,16,17,18,19,20,21,22,20,21,22,20,23,24,25,26,27,29,31,32,33,34,35,38,40,43,44,45,47,49]
[48,2,6,8,9,10,11,13,14,15,16,17,18,19,20,21,22,20,21,22,20,21,22,20,23,24,25,26,27,29,31,32,33,34,35,38,40,43,44,45,46,47,49]
[48,2,6,8,9,10,11,13,16,17,18,19,20,21,22,20,21,22,20,21,22,20,21,22,20,23,24,25,26,27,29,31,32,33,34,35,38,40,43,44,45,47,49]
[48,2,6,8,9,10,11,13,14,15,16,17,18,19,20,21,22,20,21,22,20,21,22,20,23,24,25,26,27,29,31,32,33,34,35,38,40,43,44,45,46,47,49]
[48,2,6,8,9,10,11,13,14,15,16,17,18,19,20,21,22,20,23,24,25,26,27,29,31,32,33,34,35,38,40,43,44,45,46,47,49]
[48,2,6,8,9,10,11,13,14,15,16,17,18,19,20,21,22,20,21,22,20,23,24,25,26,27,29,31,32,33,34,35,38,40,43,44,45,46,47,49]
[48,2,6,8,9,10,11,13,16,17,18,19,20,21,22,20,21,22,20,21,22,20,23,24,25,26,27,29,31,32,33,34,35,38,40,43,44,45,47,49]
[48,2,6,8,9,10,11,13,14,15,16,17,18,19,20,21,22,20,21,22,20,21,22,20,23,24,25,26,27,29,31,32,33,34,35,38,40,43,44,45,46,47,49]
[48,2,6,8,9,10,11,13,14,15,16,17,18,19,20,21,22,20,21,22,20,23,24,25,26,27,29,31,32,33,34,35,38,40,43,44,45,46,47,49]
[48,2,6,8,9,10,11,13,14,15,16,17,18,19,20,21,22,20,23,24,25,26,27,29,31,32,33,34,35,38,40,43,44,45,46,47,49]
[48,2,6,8,9,10,11,13,16,17,18,19,20,21,22,20,21,22,20,21,22,20,21,22,20,23,24,25,26,27,29,31,32,33,34,35,38,40,43,44,45,47,49]
[48,2,6,8,9,10,11,13,16,17,18,19,20,21,22,20,21,22,20,21,22,20,23,24,25,26,27,29,31,32,33,34,35,38,40,43,44,45,47,49]
[48,2,6,8,9,10,11,13,16,17,18,19,20,21,22,20,21,22,20,23,24,25,26,27,29,31,32,33,34,35,38,40,43,44,45,47,49]