1. [48,2,6,8,9,10,11,13,14,15,16,17,18,19,20,23,24,25,26,27,29,31,32,33,34,35,36,37,38,39,40,43,44,45,46,47,49]
2. [48,2,6,8,9,10,11,13,14,15,16,17,18,19,20,23,24,25,26,27,29,31,32,33,34,35,36,37,38,40,43,44,45,46,47,49]
3. [48,2,6,8,9,10,11,13,14,15,16,17,18,19,20,23,24,25,26,27,29,31,32,33,34,35,36,37,38,39,40,43,44,45,47,49]
4. [48,2,6,8,9,10,11,13,14,15,16,17,18,19,20,23,24,25,27,29,31,32,33,34,35,36,37,38,39,40,43,44,45,46,47,49]
5. [48,2,6,8,9,10,11,13,14,15,16,17,19,20,23,24,25,26,27,29,31,32,33,34,35,36,37,38,39,40,43,44,45,46,47,49]
6. [48,2,6,8,9,10,11,13,14,15,16,17,18,19,20,23,24,25,27,29,31,32,33,34,35,36,37,38,39,40,43,44,45,47,49]
7. [48,2,6,8,9,10,11,13,14,15,16,17,18,19,20,23,24,25,27,29,31,32,33,34,35,36,37,38,40,43,44,45,46,47,49]
8. [48,2,6,8,9,10,11,13,14,15,16,17,18,19,20,23,24,25,26,27,29,31,32,33,34,35,38,39,40,43,44,45,46,47,49]
9. [48,2,6,8,9,10,11,13,14,15,16,17,18,19,20,23,24,25,26,27,29,31,32,33,34,35,36,37,38,40,43,44,45,47,49]
10. [48,2,6,8,9,10,11,13,14,15,16,17,19,20,23,24,25,26,27,29,31,32,33,34,35,36,37,38,39,40,43,44,45,47,49]
11. [48,2,6,8,9,10,11,13,14,15,16,17,19,20,23,24,25,27,29,31,32,33,34,35,36,37,38,39,40,43,44,45,46,47,49]
12. [48,2,6,8,9,10,11,13,14,15,16,17,19,20,23,24,25,26,27,29,31,32,33,34,35,36,37,38,40,43,44,45,46,47,49]
13. [48,2,6,8,9,10,11,13,16,17,18,19,20,23,24,25,26,27,29,31,32,33,34,35,36,37,38,39,40,43,44,45,46,47,49]
14. [48,2,6,8,9,10,11,13,14,15,16,17,19,20,23,24,25,26,27,29,31,32,33,34,35,36,37,38,40,43,44,45,47,49]
15. [48,2,6,8,9,10,11,13,14,15,16,17,19,20,23,24,25,26,27,29,31,32,33,34,35,38,39,40,43,44,45,46,47,49]
16. [48,2,6,8,9,10,11,13,16,17,18,19,20,23,24,25,26,27,29,31,32,33,34,35,36,37,38,39,40,43,44,45,47,49]
17. [48,2,6,8,9,10,11,13,14,15,16,17,19,20,23,24,25,27,29,31,32,33,34,35,36,37,38,40,43,44,45,46,47,49]
18. [48,2,6,8,9,10,11,13,14,15,16,17,19,20,23,24,25,27,29,31,32,33,34,35,36,37,38,39,40,43,44,45,47,49]
19. [48,2,6,8,9,10,11,13,14,15,16,17,18,19,20,23,24,25,27,29,31,32,33,34,35,38,39,40,43,44,45,46,47,49]
20. [48,2,6,8,9,10,11,13,14,15,16,17,18,19,20,23,24,25,26,27,29,31,32,33,34,35,38,39,40,43,44,45,47,49]
21. [48,2,6,8,9,10,11,13,14,15,16,17,18,19,20,23,24,25,26,27,29,31,32,33,34,35,38,40,43,44,45,46,47,49]
22. [48,2,6,8,9,10,11,13,14,15,16,17,18,19,20,23,24,25,27,29,31,32,33,34,35,36,37,38,40,43,44,45,47,49]
23. [48,2,6,8,9,10,11,13,16,17,18,19,20,23,24,25,26,27,29,31,32,33,34,35,36,37,38,40,43,44,45,46,47,49]
24. [48,2,6,8,9,10,11,13,16,17,18,19,20,23,24,25,27,29,31,32,33,34,35,36,37,38,39,40,43,44,45,46,47,49]
25. [48,2,6,8,9,10,11,13,16,17,19,20,23,24,25,26,27,29,31,32,33,34,35,36,37,38,39,40,43,44,45,46,47,49]
26. [48,2,6,8,9,10,11,13,16,17,18,19,20,23,24,25,26,27,29,31,32,33,34,35,36,37,38,40,43,44,45,47,49]
27. [48,2,6,8,9,10,11,13,16,17,18,19,20,23,24,25,26,27,29,31,32,33,34,35,38,39,40,43,44,45,46,47,49]
28. [48,2,6,8,9,10,11,13,14,15,16,17,19,20,23,24,25,27,29,31,32,33,34,35,36,37,38,40,43,44,45,47,49]
29. [48,2,6,8,9,10,11,13,14,15,16,17,19,20,23,24,25,27,29,31,32,33,34,35,38,39,40,43,44,45,46,47,49]
30. [48,2,6,8,9,10,11,13,16,17,19,20,23,24,25,27,29,31,32,33,34,35,36,37,38,39,40,43,44,45,46,47,49]
31. [48,2,6,8,9,10,11,13,16,17,19,20,23,24,25,26,27,29,31,32,33,34,35,36,37,38,40,43,44,45,46,47,49]
32. [48,2,6,8,9,10,11,13,16,17,18,19,20,23,24,25,27,29,31,32,33,34,35,36,37,38,40,43,44,45,46,47,49]
33. [48,2,6,8,9,10,11,13,16,17,18,19,20,23,24,25,27,29,31,32,33,34,35,36,37,38,39,40,43,44,45,47,49]
34. [48,2,6,8,9,10,11,13,16,17,19,20,23,24,25,26,27,29,31,32,33,34,35,36,37,38,39,40,43,44,45,47,49]
35. [48,2,6,8,9,10,11,13,14,15,16,17,18,19,20,23,24,25,26,27,29,31,32,33,34,35,38,40,43,44,45,47,49]
36. [48,2,6,8,9,10,11,13,14,15,16,17,18,19,20,23,24,25,26,27,29,31,32,33,34,35,36,37,38,39,40,41,42]
37. [48,2,6,8,9,10,11,13,14,15,16,17,19,20,23,24,25,26,27,29,31,32,33,34,35,38,39,40,43,44,45,47,49]
38. [48,2,6,8,9,10,11,13,14,15,16,17,19,20,23,24,25,26,27,29,31,32,33,34,35,38,40,43,44,45,46,47,49]
39. [48,2,6,8,9,10,11,13,14,15,16,17,18,19,20,23,24,25,27,29,31,32,33,34,35,38,39,40,43,44,45,47,49]
40. [48,2,6,8,9,10,11,13,14,15,16,17,18,19,20,23,24,25,27,29,31,32,33,34,35,38,40,43,44,45,46,47,49]
41. [48,2,6,8,9,10,11,13,16,17,19,20,23,24,25,26,27,29,31,32,33,34,35,36,37,38,40,43,44,45,47,49]
42. [48,2,6,8,9,10,11,13,16,17,19,20,23,24,25,26,27,29,31,32,33,34,35,38,39,40,43,44,45,46,47,49]
43. [48,2,6,8,9,10,11,13,16,17,19,20,23,24,25,27,29,31,32,33,34,35,36,37,38,40,43,44,45,46,47,49]
44. [48,2,6,8,9,10,11,13,16,17,19,20,23,24,25,27,29,31,32,33,34,35,36,37,38,39,40,43,44,45,47,49]
45. [48,2,6,8,9,10,11,13,16,17,18,19,20,23,24,25,26,27,29,31,32,33,34,35,38,40,43,44,45,46,47,49]
46. [48,2,6,8,9,10,11,13,16,17,18,19,20,23,24,25,26,27,29,31,32,33,34,35,38,39,40,43,44,45,47,49]
47. [48,2,6,8,9,10,11,13,16,17,18,19,20,23,24,25,27,29,31,32,33,34,35,38,39,40,43,44,45,46,47,49]
48. [48,2,6,8,9,10,11,13,16,17,18,19,20,23,24,25,27,29,31,32,33,34,35,36,37,38,40,43,44,45,47,49]
49. [48,2,6,8,9,10,11,13,14,15,16,17,19,20,23,24,25,26,27,29,31,32,33,34,35,36,37,38,39,40,41,42]
50. [48,2,6,8,9,10,11,13,14,15,16,17,18,19,20,23,24,25,27,29,31,32,33,34,35,38,40,43,44,45,47,49]
51. [48,2,6,8,9,10,11,13,14,15,16,17,18,19,20,23,24,25,27,29,31,32,33,34,35,36,37,38,39,40,41,42]
52. [48,2,6,8,9,10,11,13,14,15,16,17,18,19,20,23,24,25,26,27,29,31,32,33,34,35,36,37,38,40,41,42]
53. [48,2,6,8,9,10,11,13,14,15,16,17,19,20,23,24,25,27,29,31,32,33,34,35,38,39,40,43,44,45,47,49]
54. [48,2,6,8,9,10,11,13,14,15,16,17,19,20,23,24,25,27,29,31,32,33,34,35,38,40,43,44,45,46,47,49]
55. [48,2,6,8,9,10,11,13,14,15,16,17,19,20,23,24,25,26,27,29,31,32,33,34,35,38,40,43,44,45,47,49]
56. [48,2,6,8,9,10,11,13,16,17,19,20,23,24,25,26,27,29,31,32,33,34,35,38,39,40,43,44,45,47,49]
57. [48,2,6,8,9,10,11,13,16,17,19,20,23,24,25,26,27,29,31,32,33,34,35,38,40,43,44,45,46,47,49]
58. [48,2,6,8,9,10,11,13,16,17,19,20,23,24,25,27,29,31,32,33,34,35,36,37,38,40,43,44,45,47,49]
59. [48,2,6,8,9,10,11,13,16,17,19,20,23,24,25,27,29,31,32,33,34,35,38,39,40,43,44,45,46,47,49]
60. [48,2,6,8,9,10,11,13,14,15,16,17,19,20,23,24,25,26,27,29,31,32,33,34,35,36,37,38,40,41,42]
61. [48,2,6,8,9,10,11,13,14,15,16,17,19,20,23,24,25,27,29,31,32,33,34,35,36,37,38,39,40,41,42]
62. [48,2,6,8,9,10,11,13,14,15,16,17,18,19,20,23,24,25,26,27,29,31,32,33,34,35,38,39,40,41,42]
63. [48,2,6,8,9,10,11,13,14,15,16,17,18,19,20,23,24,25,27,29,31,32,33,34,35,36,37,38,40,41,42]
64. [48,2,6,8,9,10,11,13,16,17,18,19,20,23,24,25,26,27,29,31,32,33,34,35,38,40,43,44,45,47,49]
65. [48,2,6,8,9,10,11,13,16,17,18,19,20,23,24,25,27,29,31,32,33,34,35,38,39,40,43,44,45,47,49]
66. [48,2,6,8,9,10,11,13,16,17,18,19,20,23,24,25,27,29,31,32,33,34,35,38,40,43,44,45,46,47,49]
67. [48,2,6,8,9,10,11,13,14,15,16,17,19,20,23,24,25,27,29,31,32,33,34,35,38,40,43,44,45,47,49]
68. [48,2,6,8,9,10,11,13,16,17,18,19,20,23,24,25,26,27,29,31,32,33,34,35,36,37,38,39,40,41,42]
69. [48,2,6,8,9,10,11,13,14,15,16,17,19,20,23,24,25,27,29,31,32,33,34,35,36,37,38,40,41,42]
70. [48,2,6,8,9,10,11,13,14,15,16,17,19,20,23,24,25,26,27,29,31,32,33,34,35,38,39,40,41,42]
71. [48,2,6,8,9,10,11,13,16,17,18,19,20,23,24,25,26,27,29,31,32,33,34,35,36,37,38,40,41,42]
72. [48,2,6,8,9,10,11,13,14,15,16,17,18,19,20,23,24,25,26,27,29,31,32,33,34,35,38,40,41,42]
73. [48,2,6,8,9,10,11,13,14,15,16,17,18,19,20,23,24,25,27,29,31,32,33,34,35,38,39,40,41,42]
74. [48,2,6,8,9,10,11,13,16,17,19,20,23,24,25,26,27,29,31,32,33,34,35,38,40,43,44,45,47,49]
75. [48,2,6,8,9,10,11,13,16,17,19,20,23,24,25,27,29,31,32,33,34,35,38,39,40,43,44,45,47,49]
76. [48,2,6,8,9,10,11,13,16,17,19,20,23,24,25,27,29,31,32,33,34,35,38,40,43,44,45,46,47,49]
77. [48,2,6,8,9,10,11,13,16,17,18,19,20,23,24,25,27,29,31,32,33,34,35,36,37,38,39,40,41,42]
78. [48,2,6,8,9,10,11,13,16,17,19,20,23,24,25,26,27,29,31,32,33,34,35,36,37,38,39,40,41,42]
79. [48,2,6,8,9,10,11,13,16,17,18,19,20,23,24,25,27,29,31,32,33,34,35,38,40,43,44,45,47,49]
80. [48,2,6,8,9,10,11,13,14,15,16,17,19,20,23,24,25,27,29,31,32,33,34,35,38,39,40,41,42]
81. [48,2,6,8,9,10,11,13,16,17,18,19,20,23,24,25,26,27,29,31,32,33,34,35,38,39,40,41,42]
82. [48,2,6,8,9,10,11,13,16,17,18,19,20,23,24,25,27,29,31,32,33,34,35,36,37,38,40,41,42]
83. [48,2,6,8,9,10,11,13,14,15,16,17,18,19,20,23,24,25,27,29,31,32,33,34,35,38,40,41,42]
84. [48,2,6,8,9,10,11,13,14,15,16,17,19,20,23,24,25,26,27,29,31,32,33,34,35,38,40,41,42]
85. [48,2,6,8,9,10,11,13,16,17,19,20,23,24,25,27,29,31,32,33,34,35,36,37,38,39,40,41,42]
86. [48,2,6,8,9,10,11,13,16,17,19,20,23,24,25,26,27,29,31,32,33,34,35,36,37,38,40,41,42]
87. [48,2,6,8,9,10,11,13,16,17,19,20,23,24,25,27,29,31,32,33,34,35,38,40,43,44,45,47,49]
88. [48,2,6,8,9,10,11,13,16,17,18,19,20,23,24,25,27,29,31,32,33,34,35,38,39,40,41,42]
89. [48,2,6,8,9,10,11,13,16,17,18,19,20,23,24,25,26,27,29,31,32,33,34,35,38,40,41,42]
90. [48,2,6,8,9,10,11,13,16,17,19,20,23,24,25,27,29,31,32,33,34,35,36,37,38,40,41,42]
91. [48,2,6,8,9,10,11,13,16,17,19,20,23,24,25,26,27,29,31,32,33,34,35,38,39,40,41,42]
92. [48,2,6,8,9,10,11,13,14,15,16,17,19,20,23,24,25,27,29,31,32,33,34,35,38,40,41,42]
93. [48,2,6,8,9,10,11,13,16,17,19,20,23,24,25,27,29,31,32,33,34,35,38,39,40,41,42]
94. [48,2,6,8,9,10,11,13,16,17,19,20,23,24,25,26,27,29,31,32,33,34,35,38,40,41,42]
95. [48,2,6,8,9,10,11,13,16,17,18,19,20,23,24,25,27,29,31,32,33,34,35,38,40,41,42]
96. [48,2,6,8,9,10,11,13,16,17,19,20,23,24,25,27,29,31,32,33,34,35,38,40,41,42]
97. [21,22,20,23,24,25,26,27,29,31,32,33,34,35,36,37,38,39,40,43,44,45,46,47,49]
98. [21,22,20,23,24,25,26,27,29,31,32,33,34,35,36,37,38,39,40,43,44,45,47,49]
99. [21,22,20,23,24,25,27,29,31,32,33,34,35,36,37,38,39,40,43,44,45,46,47,49]
100. [21,22,20,23,24,25,26,27,29,31,32,33,34,35,36,37,38,40,43,44,45,46,47,49]
101. [48,2,6,8,9,10,11,13,14,15,16,17,18,19,20,23,24,25,26,27,29,30,49]
102. [21,22,20,23,24,25,26,27,29,31,32,33,34,35,38,39,40,43,44,45,46,47,49]
103. [21,22,20,23,24,25,27,29,31,32,33,34,35,36,37,38,39,40,43,44,45,47,49]
104. [21,22,20,23,24,25,27,29,31,32,33,34,35,36,37,38,40,43,44,45,46,47,49]
105. [21,22,20,23,24,25,26,27,29,31,32,33,34,35,36,37,38,40,43,44,45,47,49]
106. [48,2,6,8,9,10,11,13,14,15,16,17,19,20,23,24,25,26,27,29,30,49]
107. [48,2,6,8,9,10,11,13,14,15,16,17,18,19,20,23,24,25,26,27,28,49]
108. [48,2,6,8,9,10,11,13,14,15,16,17,18,19,20,23,24,25,27,29,30,49]
109. [21,22,20,23,24,25,26,27,29,31,32,33,34,35,38,39,40,43,44,45,47,49]
110. [21,22,20,23,24,25,26,27,29,31,32,33,34,35,38,40,43,44,45,46,47,49]
111. [21,22,20,23,24,25,27,29,31,32,33,34,35,38,39,40,43,44,45,46,47,49]
112. [21,22,20,23,24,25,27,29,31,32,33,34,35,36,37,38,40,43,44,45,47,49]
113. [48,2,6,8,9,10,11,13,14,15,16,17,19,20,23,24,25,26,27,28,49]
114. [48,2,6,8,9,10,11,13,14,15,16,17,19,20,23,24,25,27,29,30,49]
115. [48,2,6,8,9,10,11,13,14,15,16,17,18,19,20,23,24,25,27,28,49]
116. [48,2,6,8,9,10,11,13,16,17,18,19,20,23,24,25,26,27,29,30,49]
117. [21,22,20,23,24,25,27,29,31,32,33,34,35,38,40,43,44,45,46,47,49]
118. [21,22,20,23,24,25,27,29,31,32,33,34,35,38,39,40,43,44,45,47,49]
119. [21,22,20,23,24,25,26,27,29,31,32,33,34,35,38,40,43,44,45,47,49]
120. [21,22,20,23,24,25,26,27,29,31,32,33,34,35,36,37,38,39,40,41,42]
121. [48,2,6,8,9,10,11,13,14,15,16,17,19,20,23,24,25,27,28,49]
122. [48,2,6,8,9,10,11,13,16,17,18,19,20,23,24,25,26,27,28,49]
123. [48,2,6,8,9,10,11,13,16,17,19,20,23,24,25,26,27,29,30,49]
124. [48,2,6,8,9,10,11,13,16,17,18,19,20,23,24,25,27,29,30,49]
125. [21,22,20,23,24,25,27,29,31,32,33,34,35,36,37,38,39,40,41,42]
126. [21,22,20,23,24,25,26,27,29,31,32,33,34,35,36,37,38,40,41,42]
127. [21,22,20,23,24,25,27,29,31,32,33,34,35,38,40,43,44,45,47,49]
128. [48,2,6,8,9,10,11,13,16,17,18,19,20,23,24,25,27,28,49]
129. [48,2,6,8,9,10,11,13,16,17,19,20,23,24,25,27,29,30,49]
130. [48,2,6,8,9,10,11,13,16,17,19,20,23,24,25,26,27,28,49]
131. [21,22,20,23,24,25,26,27,29,31,32,33,34,35,38,39,40,41,42]
132. [21,22,20,23,24,25,27,29,31,32,33,34,35,36,37,38,40,41,42]
133. [48,2,6,8,9,10,11,13,16,17,19,20,23,24,25,27,28,49]
134. [21,22,20,23,24,25,26,27,29,31,32,33,34,35,38,40,41,42]
135. [21,22,20,23,24,25,27,29,31,32,33,34,35,38,39,40,41,42]
136. [48,2,6,8,9,10,11,13,14,15,16,17,18,19,20,21,22]
137. [21,22,20,23,24,25,27,29,31,32,33,34,35,38,40,41,42]
138. [48,2,6,8,9,10,11,13,14,15,16,17,19,20,21,22]
139. [48,2,6,8,9,10,11,13,16,17,18,19,20,21,22]
140. [48,2,6,8,9,10,11,13,16,17,19,20,21,22]
141. [21,22,20,23,24,25,26,27,29,30,49]
142. [21,22,20,23,24,25,27,29,30,49]
143. [21,22,20,23,24,25,26,27,28,49]
144. [48,2,6,8,9,10,11,12,49]
145. [41,42,40,43,44,45,46,47,49]
146. [21,22,20,23,24,25,27,28,49]
147. [41,42,40,43,44,45,47,49]
148. [48,2,3,5,49]
149. [48,2,3,4,49]
150. [48,2,6,7,49]
151. [22,20,21,22]
152. [20,21,22,20]
153. [21,22,20,21]
154. [42,40,41,42]
155. [40,41,42,40]
156. [41,42,40,41]