1. [15,2,4,5,6,7,9,10,12,13]
2. [15,2,4,5,6,7,9,10,11]
3. [7,9,10,12,13,6,14,16]
4. [8,6,7,9,10,12,13]
5. [13,6,7,9,10,12,13]
6. [11,6,7,9,10,12,13]
7. [15,2,4,5,6,7,8]
8. [15,2,4,5,6,14,16]
9. [6,7,9,10,12,13,6]
10. [9,10,12,13,6,7,9]
11. [10,12,13,6,7,9,10]
12. [12,13,6,7,9,10,12]
13. [12,13,6,7,9,10,11]
14. [9,10,12,13,6,7,8]
15. [7,9,10,12,6,14,16]
16. [7,9,10,11,6,14,16]
17. [7,9,10,12,13,6,7]
18. [12,6,7,9,10,11]
19. [12,6,7,9,10,12]
20. [11,6,7,9,10,11]
21. [6,7,9,10,12,6]
22. [6,7,9,10,11,6]
23. [8,6,7,9,10,11]
24. [7,9,10,11,6,7]
25. [10,11,6,7,9,10]
26. [10,12,6,7,9,10]
27. [9,10,12,6,7,9]
28. [7,9,10,12,6,7]
29. [9,10,11,6,7,8]
30. [9,10,12,6,7,8]
31. [9,10,11,6,7,9]
32. [7,8,6,14,16]
33. [8,6,7,8]
34. [15,2,3,16]
35. [7,8,6,7]
36. [6,7,8,6]