1. [21,2,4,5,6,7,8,9,10,11,12,13,14,15,16,17,18,19,20,22]
2. [21,2,4,5,6,7,8,9,10,11,12,13,16,17,18,19,20,22]
3. [21,2,4,5,6,7,8,9,10,11,12,13,14,15,16,19,20,22]
4. [21,2,4,5,6,7,8,9,10,13,14,15,16,17,18,19,20,22]
5. [21,2,4,5,6,7,10,11,12,13,14,15,16,17,18,19,20,22]
6. [21,2,4,5,6,7,8,9,10,13,16,17,18,19,20,22]
7. [21,2,4,5,6,7,10,11,12,13,14,15,16,19,20,22]
8. [21,2,4,5,6,7,10,13,14,15,16,17,18,19,20,22]
9. [21,2,4,5,6,7,10,11,12,13,16,17,18,19,20,22]
10. [21,2,4,5,6,7,8,9,10,13,14,15,16,19,20,22]
11. [21,2,4,5,6,7,8,9,10,11,12,13,16,19,20,22]
12. [21,2,4,5,6,7,8,9,10,11,12,13,19,20,22]
13. [21,2,4,5,6,7,10,13,16,17,18,19,20,22]
14. [21,2,4,5,6,7,10,13,14,15,16,19,20,22]
15. [21,2,4,5,6,7,10,11,12,13,16,19,20,22]
16. [21,2,4,5,6,7,8,9,10,13,16,19,20,22]
17. [21,2,4,5,6,7,8,9,10,13,19,20,22]
18. [21,2,4,5,6,7,10,11,12,13,19,20,22]
19. [21,2,4,5,6,7,10,13,16,19,20,22]
20. [21,2,4,5,6,7,10,13,19,20,22]
21. [21,2,3,22]