1. [15,2,3,4,5,6,7,8,9,10,11,12,17,14,16]
2. [15,2,3,4,5,6,7,10,11,12,17,14,16]
3. [15,2,3,4,5,6,7,8,9,10,11,12,13]
4. [13,4,5,6,7,8,9,10,11,12,17,14,16]
5. [13,4,5,6,7,10,11,12,17,14,16]
6. [13,4,5,6,7,8,9,10,11,12,13]
7. [15,2,3,4,5,6,7,10,11,12,13]
8. [4,5,6,7,8,9,10,11,12,13,4]
9. [9,10,11,12,13,4,5,6,7,8,9]
10. [8,9,10,11,12,13,4,5,6,7,8]
11. [10,11,12,13,4,5,6,7,8,9,10]
12. [12,13,4,5,6,7,8,9,10,11,12]
13. [11,12,13,4,5,6,7,8,9,10,11]
14. [7,8,9,10,11,12,13,4,5,6,7]
15. [5,6,7,8,9,10,11,12,13,4,5]
16. [6,7,8,9,10,11,12,13,4,5,6]
17. [4,5,6,7,10,11,12,13,4]
18. [13,4,5,6,7,10,11,12,13]
19. [5,6,7,10,11,12,13,4,5]
20. [10,11,12,13,4,5,6,7,10]
21. [12,13,4,5,6,7,10,11,12]
22. [11,12,13,4,5,6,7,10,11]
23. [7,10,11,12,13,4,5,6,7]
24. [6,7,10,11,12,13,4,5,6]
