1. [19,2,4,5,6,7,8,9,10,11,12,13,15,16,20]
2. [19,2,4,5,6,7,8,9,10,11,12,13,14,20]
3. [19,2,4,5,6,7,8,9,10,11,12,17,20]
4. [19,2,4,5,6,7,8,18,20]
5. [11,12,13,15,10,8,18,20]
6. [11,12,13,15,10,8,9]
7. [13,15,10,11,12,17,20]
8. [15,10,11,12,13,14,20]
9. [15,10,11,12,13,15]
10. [12,13,15,10,11,12]
11. [13,15,10,11,12,13]
12. [10,11,12,13,15,10]
13. [11,12,13,15,10,11]
14. [9,10,8,18,20]
15. [11,10,8,18,20]
16. [8,9,10,8]
17. [10,8,9,10]
18. [9,10,8,9]
19. [19,2,3,20]
20. [11,10,8,9]
21. [11,10,11]
22. [10,11,10]