1. [49,2,4,6,8,9,11,12,14,20,21,22,23,26,27,28,29,30,31,34,35,36,37,40,41,42,43,44,45]
2. [49,2,4,6,8,9,11,12,14,20,21,22,23,26,27,28,29,30,31,34,35,36,37,40,41,42,46,47]
3. [49,2,4,6,8,9,11,12,14,20,21,22,26,27,28,29,30,31,34,35,36,37,40,41,42,43,44,45]
4. [49,2,4,6,8,9,11,12,14,20,21,22,26,27,28,29,30,31,34,35,36,37,40,41,42,46,47]
5. [49,2,4,6,8,9,11,12,14,20,21,22,23,26,27,28,29,34,35,36,37,40,41,42,43,44,45]
6. [49,2,4,6,8,9,11,20,21,22,23,26,27,28,29,30,31,34,35,36,37,40,41,42,43,44,45]
7. [49,2,4,6,8,17,18,20,21,22,23,26,27,28,29,30,31,34,35,36,37,40,41,42,43,44,45]
8. [49,2,4,6,8,9,11,20,21,22,23,26,27,28,29,30,31,34,35,36,37,40,41,42,46,47]
9. [49,2,4,6,8,9,11,20,21,22,26,27,28,29,30,31,34,35,36,37,40,41,42,43,44,45]
10. [49,2,4,6,8,17,18,20,21,22,23,26,27,28,29,30,31,34,35,36,37,40,41,42,46,47]
11. [49,2,4,6,8,9,11,12,14,20,21,22,26,27,28,29,34,35,36,37,40,41,42,43,44,45]
12. [49,2,4,6,8,9,11,12,14,20,21,22,23,26,27,28,29,34,35,36,37,40,41,42,46,47]
13. [49,2,4,6,8,17,18,20,21,22,26,27,28,29,30,31,34,35,36,37,40,41,42,43,44,45]
14. [49,2,4,6,8,17,18,20,21,22,23,26,27,28,29,34,35,36,37,40,41,42,43,44,45]
15. [49,2,4,6,8,9,11,20,21,22,26,27,28,29,30,31,34,35,36,37,40,41,42,46,47]
16. [49,2,4,6,8,17,18,20,21,22,26,27,28,29,30,31,34,35,36,37,40,41,42,46,47]
17. [49,2,4,6,8,9,11,20,21,22,23,26,27,28,29,34,35,36,37,40,41,42,43,44,45]
18. [49,2,4,6,8,9,11,12,14,20,21,22,23,26,27,28,29,30,31,34,35,36,37,38,39]
19. [49,2,4,6,8,9,11,12,14,20,21,22,26,27,28,29,34,35,36,37,40,41,42,46,47]
20. [49,2,4,6,8,17,18,20,21,22,26,27,28,29,34,35,36,37,40,41,42,43,44,45]
21. [49,2,4,6,8,17,18,20,21,22,23,26,27,28,29,34,35,36,37,40,41,42,46,47]
22. [49,2,4,6,8,9,11,12,14,20,21,22,26,27,28,29,30,31,34,35,36,37,38,39]
23. [49,2,4,6,8,9,11,20,21,22,26,27,28,29,34,35,36,37,40,41,42,43,44,45]
24. [49,2,4,6,8,9,11,20,21,22,23,26,27,28,29,34,35,36,37,40,41,42,46,47]
25. [49,2,4,6,8,17,18,20,21,22,26,27,28,29,34,35,36,37,40,41,42,46,47]
26. [49,2,4,6,8,9,11,20,21,22,23,26,27,28,29,30,31,34,35,36,37,38,39]
27. [49,2,4,6,8,9,11,12,14,20,21,22,23,26,27,28,29,34,35,36,37,38,39]
28. [49,2,4,6,8,9,11,20,21,22,26,27,28,29,34,35,36,37,40,41,42,46,47]
29. [49,2,4,6,8,17,18,20,21,22,23,26,27,28,29,30,31,34,35,36,37,38,39]
30. [49,2,4,6,8,9,11,20,21,22,26,27,28,29,30,31,34,35,36,37,38,39]
31. [49,2,4,6,8,9,11,12,14,20,21,22,26,27,28,29,34,35,36,37,38,39]
32. [49,2,4,6,8,17,18,20,21,22,26,27,28,29,30,31,34,35,36,37,38,39]
33. [49,2,4,6,8,9,11,20,21,22,23,26,27,28,29,34,35,36,37,38,39]
34. [49,2,4,6,8,17,18,20,21,22,23,26,27,28,29,34,35,36,37,38,39]
35. [49,2,4,6,8,9,11,12,14,20,21,22,23,26,27,28,29,30,31,32,33]
36. [49,2,4,6,8,9,11,20,21,22,26,27,28,29,34,35,36,37,38,39]
37. [49,2,4,6,8,9,11,12,14,20,21,22,26,27,28,29,30,31,32,33]
38. [49,2,4,6,8,17,18,20,21,22,26,27,28,29,34,35,36,37,38,39]
39. [49,2,4,6,8,17,18,20,21,22,23,26,27,28,29,30,31,32,33]
40. [49,2,4,6,8,9,11,20,21,22,23,26,27,28,29,30,31,32,33]
41. [49,2,4,6,8,17,18,20,21,22,26,27,28,29,30,31,32,33]
42. [49,2,4,6,8,9,11,20,21,22,26,27,28,29,30,31,32,33]
43. [49,2,4,6,8,9,11,12,14,20,21,22,23,26,27,28,48,50]
44. [49,2,4,6,8,9,11,12,14,20,21,22,26,27,28,48,50]
45. [49,2,4,6,8,17,18,20,21,22,23,26,27,28,48,50]
46. [49,2,4,6,8,9,11,12,14,20,21,22,23,24,25,50]
47. [49,2,4,6,8,9,11,20,21,22,23,26,27,28,48,50]
48. [38,39,28,29,30,31,34,35,36,37,40,41,42,43,44,45]
49. [46,47,28,29,30,31,34,35,36,37,40,41,42,43,44,45]
50. [32,33,28,29,30,31,34,35,36,37,40,41,42,43,44,45]
51. [30,31,32,33,28,29,34,35,36,37,40,41,42,43,44,45]
52. [49,2,4,6,8,17,18,20,21,22,26,27,28,48,50]
53. [49,2,4,6,8,9,11,20,21,22,26,27,28,48,50]
54. [34,35,36,37,40,41,42,46,47,28,29,30,31,32,33]
55. [34,35,36,37,40,41,42,43,44,28,29,30,31,32,33]
56. [32,33,28,29,30,31,34,35,36,37,40,41,42,46,47]
57. [38,39,28,29,30,31,34,35,36,37,40,41,42,46,47]
58. [43,44,28,29,30,31,34,35,36,37,40,41,42,46,47]
59. [40,41,42,46,47,28,29,30,31,34,35,36,37,38,39]
60. [40,41,42,43,44,28,29,30,31,34,35,36,37,38,39]
61. [30,31,32,33,28,29,34,35,36,37,40,41,42,46,47]
62. [29,30,31,34,35,36,37,40,41,42,46,47,28,48,50]
63. [29,30,31,34,35,36,37,40,41,42,43,44,28,48,50]
64. [49,2,4,6,8,9,11,20,21,22,23,24,25,50]
65. [49,2,4,6,8,17,18,20,21,22,23,24,25,50]
66. [31,34,35,36,37,40,41,42,43,44,28,29,30,31]
67. [31,34,35,36,37,40,41,42,46,47,28,29,30,31]
68. [34,35,36,37,40,41,42,46,47,28,29,30,31,34]
69. [34,35,36,37,40,41,42,43,44,28,29,30,31,34]
70. [29,30,31,34,35,36,37,40,41,42,43,44,28,29]
71. [29,30,31,34,35,36,37,40,41,42,46,47,28,29]
72. [28,29,30,31,34,35,36,37,40,41,42,46,47,28]
73. [28,29,30,31,34,35,36,37,40,41,42,43,44,28]
74. [30,31,34,35,36,37,40,41,42,46,47,28,29,30]
75. [30,31,34,35,36,37,40,41,42,43,44,28,29,30]
76. [35,36,37,40,41,42,43,44,28,29,30,31,34,35]
77. [41,42,46,47,28,29,30,31,34,35,36,37,40,41]
78. [42,43,44,28,29,30,31,34,35,36,37,40,41,42]
79. [41,42,43,44,28,29,30,31,34,35,36,37,40,41]
80. [40,41,42,46,47,28,29,30,31,34,35,36,37,40]
81. [43,44,28,29,30,31,34,35,36,37,40,41,42,43]
82. [46,47,28,29,30,31,34,35,36,37,40,41,42,46]
83. [46,47,28,29,34,35,36,37,40,41,42,43,44,45]
84. [42,46,47,28,29,30,31,34,35,36,37,40,41,42]
85. [36,37,40,41,42,46,47,28,29,30,31,34,35,36]
86. [36,37,40,41,42,43,44,28,29,30,31,34,35,36]
87. [35,36,37,40,41,42,46,47,28,29,30,31,34,35]
88. [40,41,42,43,44,28,29,30,31,34,35,36,37,40]
89. [37,40,41,42,46,47,28,29,30,31,34,35,36,37]
90. [38,39,28,29,34,35,36,37,40,41,42,43,44,45]
91. [37,40,41,42,43,44,28,29,30,31,34,35,36,37]
92. [47,28,29,30,31,34,35,36,37,40,41,42,46,47]
93. [44,28,29,30,31,34,35,36,37,40,41,42,43,44]
94. [29,34,35,36,37,40,41,42,43,44,28,48,50]
95. [29,34,35,36,37,40,41,42,46,47,28,48,50]
96. [43,44,28,29,34,35,36,37,40,41,42,46,47]
97. [40,41,42,46,47,28,29,34,35,36,37,38,39]
98. [38,39,28,29,34,35,36,37,40,41,42,46,47]
99. [40,41,42,43,44,28,29,34,35,36,37,38,39]
100. [36,37,40,41,42,46,47,28,29,34,35,36]
101. [36,37,40,41,42,43,44,28,29,34,35,36]
102. [37,40,41,42,43,44,28,29,34,35,36,37]
103. [34,35,36,37,40,41,42,43,44,28,29,34]
104. [34,35,36,37,38,39,28,29,30,31,32,33]
105. [34,35,36,37,40,41,42,46,47,28,29,34]
106. [35,36,37,40,41,42,46,47,28,29,34,35]
107. [35,36,37,40,41,42,43,44,28,29,34,35]
108. [37,40,41,42,46,47,28,29,34,35,36,37]
109. [43,44,28,29,34,35,36,37,40,41,42,43]
110. [42,43,44,28,29,34,35,36,37,40,41,42]
111. [46,47,28,29,34,35,36,37,40,41,42,46]
112. [42,46,47,28,29,34,35,36,37,40,41,42]
113. [40,41,42,46,47,28,29,34,35,36,37,40]
114. [40,41,42,43,44,28,29,34,35,36,37,40]
115. [41,42,46,47,28,29,34,35,36,37,40,41]
116. [41,42,43,44,28,29,34,35,36,37,40,41]
117. [29,34,35,36,37,40,41,42,46,47,28,29]
118. [44,28,29,34,35,36,37,40,41,42,43,44]
119. [32,33,28,29,30,31,34,35,36,37,38,39]
120. [29,34,35,36,37,40,41,42,43,44,28,29]
121. [28,29,34,35,36,37,40,41,42,43,44,28]
122. [28,29,34,35,36,37,40,41,42,46,47,28]
123. [47,28,29,34,35,36,37,40,41,42,46,47]
124. [29,30,31,34,35,36,37,38,39,28,48,50]
125. [30,31,32,33,28,29,34,35,36,37,38,39]
126. [49,2,4,6,8,9,11,12,14,15,16]
127. [37,38,39,28,29,30,31,34,35,36,37]
128. [38,39,28,29,30,31,34,35,36,37,38]
129. [36,37,38,39,28,29,30,31,34,35,36]
130. [35,36,37,38,39,28,29,30,31,34,35]
131. [34,35,36,37,38,39,28,29,30,31,34]
132. [28,29,30,31,34,35,36,37,38,39,28]
133. [39,28,29,30,31,34,35,36,37,38,39]
134. [31,34,35,36,37,38,39,28,29,30,31]
135. [29,30,31,34,35,36,37,38,39,28,29]
136. [30,31,34,35,36,37,38,39,28,29,30]
137. [29,34,35,36,37,38,39,28,48,50]
138. [49,2,4,6,8,17,18,19,50]
139. [49,2,4,6,8,9,11,12,13]
140. [38,39,28,29,34,35,36,37,38]
141. [37,38,39,28,29,34,35,36,37]
142. [36,37,38,39,28,29,34,35,36]
143. [28,29,34,35,36,37,38,39,28]
144. [39,28,29,34,35,36,37,38,39]
145. [34,35,36,37,38,39,28,29,34]
146. [35,36,37,38,39,28,29,34,35]
147. [29,34,35,36,37,38,39,28,29]
148. [29,30,31,32,33,28,48,50]
149. [33,28,29,30,31,32,33]
150. [49,2,4,6,8,9,10]
151. [28,29,30,31,32,33,28]
152. [29,30,31,32,33,28,29]
153. [30,31,32,33,28,29,30]
154. [31,32,33,28,29,30,31]
155. [32,33,28,29,30,31,32]
156. [49,2,4,6,7,50]
157. [49,2,4,5,50]
158. [49,2,3,50]
