org.apache.commons.lang3.ConversionTest.testBinaryBeMsb0ToHexDigit_2args()
[25,2,4,5,6,7,8,9,10,18,26]
[25,2,4,5,6,7,8,9,10,18,26]
[25,2,4,5,6,7,8,9,10,18,26]
[25,2,4,5,6,7,8,9,10,18,26]
[25,2,4,5,6,7,8,9,10,18,26]
[25,2,4,5,6,7,8,9,10,18,26]
[25,2,4,5,6,7,8,9,10,11,15,17,26]
[25,2,4,5,6,7,8,9,10,11,12,14,26]
[25,2,4,5,6,7,8,9,10,11,12,13,26]
[25,2,4,5,6,7,8,9,10,18,26]
[25,2,4,5,6,7,8,9,10,18,26]
[25,2,4,5,6,7,8,9,10,18,26]
[25,2,4,5,6,7,8,9,10,18,26]
[25,2,4,5,6,7,8,9,10,18,26]
[25,2,4,5,6,7,8,9,10,11,15,17,26]
[25,2,4,5,6,7,8,9,10,11,12,14,26]
[25,2,4,5,6,7,8,9,10,11,12,13,26]
[25,2,4,5,6,7,8,9,10,18,26]
[25,2,4,5,6,7,8,9,10,11,15,16,26]
[25,2,4,5,6,7,8,9,10,18,26]
[25,2,4,5,6,7,8,9,10,11,15,16,26]
[25,2,4,5,6,7,8,9,10,18,26]
[25,2,4,5,6,7,8,9,10,18,26]
[25,2,4,5,6,7,8,9,10,11,15,17,26]
[25,2,4,5,6,7,8,9,10,11,12,14,26]
[25,2,4,5,6,7,8,9,10,18,26]
[25,2,4,5,6,7,8,9,10,18,26]
[25,2,4,5,6,7,8,9,10,18,26]