1. [34,2,4,6,8,9,10,11,12,13,14,17,18,19,20,21,22,23,24,25,26,29,31,32,35]
2. [34,2,4,6,8,9,10,11,12,13,14,17,18,19,20,21,22,23,24,25,26,29,30,35]
3. [34,2,4,6,8,9,10,11,12,13,14,17,18,19,20,21,22,23,24,25,26,27,28,35]
4. [27,14,17,18,19,20,21,22,23,24,25,26,29,31,32,35]
5. [29,31,14,17,18,19,20,21,22,23,24,25,26,27,28,35]
6. [31,14,17,18,19,20,21,22,23,24,25,26,29,30,35]
7. [17,18,19,20,21,22,23,24,25,26,29,31,14,33,35]
8. [27,14,17,18,19,20,21,22,23,24,25,26,29,30,35]
9. [31,14,17,18,19,20,21,22,23,24,25,26,29,31]
10. [22,23,24,25,26,29,31,14,17,18,19,20,21,22]
11. [23,24,25,26,29,31,14,17,18,19,20,21,22,23]
12. [21,22,23,24,25,26,29,31,14,17,18,19,20,21]
13. [20,21,22,23,24,25,26,29,31,14,17,18,19,20]
14. [24,25,26,29,31,14,17,18,19,20,21,22,23,24]
15. [29,31,14,17,18,19,20,21,22,23,24,25,26,29]
16. [26,29,31,14,17,18,19,20,21,22,23,24,25,26]
17. [25,26,29,31,14,17,18,19,20,21,22,23,24,25]
18. [19,20,21,22,23,24,25,26,29,31,14,17,18,19]
19. [17,18,19,20,21,22,23,24,25,26,27,14,33,35]
20. [17,18,19,20,21,22,23,24,25,26,29,31,14,17]
21. [14,17,18,19,20,21,22,23,24,25,26,29,31,14]
22. [18,19,20,21,22,23,24,25,26,29,31,14,17,18]
23. [14,17,18,19,20,21,22,23,24,25,26,27,14]
24. [27,14,17,18,19,20,21,22,23,24,25,26,27]
25. [17,18,19,20,21,22,23,24,25,26,27,14,17]
26. [34,2,4,6,8,9,10,11,12,13,14,33,35]
27. [23,24,25,26,27,14,17,18,19,20,21,22,23]
28. [24,25,26,27,14,17,18,19,20,21,22,23,24]
29. [22,23,24,25,26,27,14,17,18,19,20,21,22]
30. [26,27,14,17,18,19,20,21,22,23,24,25,26]
31. [25,26,27,14,17,18,19,20,21,22,23,24,25]
32. [21,22,23,24,25,26,27,14,17,18,19,20,21]
33. [18,19,20,21,22,23,24,25,26,27,14,17,18]
34. [20,21,22,23,24,25,26,27,14,17,18,19,20]
35. [19,20,21,22,23,24,25,26,27,14,17,18,19]
36. [34,2,4,6,7,35]
37. [34,2,4,5,35]
38. [34,2,3,35]