org.apache.commons.lang3.EnumUtilsTest.test_processBitVectors()
[10,2,3,4,5,6,7,5,6,7,5,6,7,5,9,11]
[10,2,3,4,5,6,7,8,5,6,7,5,6,7,5,9,11]
[10,2,3,4,5,6,7,5,6,7,8,5,6,7,5,9,11]
[10,2,3,4,5,6,7,8,5,6,7,8,5,6,7,5,9,11]
[10,2,3,4,5,6,7,5,6,7,5,6,7,8,5,9,11]
[10,2,3,4,5,6,7,8,5,6,7,5,6,7,8,5,9,11]
[10,2,3,4,5,6,7,5,6,7,8,5,6,7,8,5,9,11]
[10,2,3,4,5,6,7,8,5,6,7,8,5,6,7,8,5,9,11]
[10,2,3,4,5,6,7,5,6,7,5,6,7,5,9,11]
[10,2,3,4,5,6,7,8,5,6,7,5,6,7,5,9,11]
[10,2,3,4,5,6,7,5,6,7,8,5,6,7,5,9,11]
[10,2,3,4,5,6,7,8,5,6,7,8,5,6,7,5,9,11]
[10,2,3,4,5,6,7,5,6,7,5,6,7,8,5,9,11]
[10,2,3,4,5,6,7,8,5,6,7,5,6,7,8,5,9,11]
[10,2,3,4,5,6,7,5,6,7,8,5,6,7,8,5,9,11]
[10,2,3,4,5,6,7,8,5,6,7,8,5,6,7,8,5,9,11]
[10,2,3,4,5,6,7,5,6,7,5,6,7,5,9,11]
[10,2,3,4,5,6,7,8,5,6,7,5,6,7,5,9,11]
[10,2,3,4,5,6,7,5,6,7,8,5,6,7,5,9,11]
[10,2,3,4,5,6,7,8,5,6,7,8,5,6,7,5,9,11]
[10,2,3,4,5,6,7,5,6,7,5,6,7,8,5,9,11]
[10,2,3,4,5,6,7,8,5,6,7,5,6,7,8,5,9,11]
[10,2,3,4,5,6,7,5,6,7,8,5,6,7,8,5,9,11]
[10,2,3,4,5,6,7,8,5,6,7,8,5,6,7,8,5,9,11]
[10,2,3,4,5,6,7,5,6,7,5,6,7,5,6,7,5,6,7,5,6,7,5,6,7,5,6,7,5,6,7,5,6,7,5,6,7,5,6,7,5,6,7,5,6,7,5,6,7,5,6,7,5,6,7,5,6,7,5,6,7,5,6,7,5,6,7,5,6,7,5,6,7,5,6,7,5,6,7,5,6,7,5,6,7,5,6,7,5,6,7,5,6,7,5,6,7,5,6,7,8,5,6,7,5,6,7,5,6,7,5,6,7,5,6,7,5,6,7,5,6,7,5,6,7,5,6,7,5,6,7,5,6,7,5,6,7,5,6,7,5,6,7,5,6,7,5,6,7,5,6,7,5,6,7,5,6,7,5,6,7,5,6,7,5,6,7,5,6,7,5,6,7,5,6,7,5,6,7,5,6,7,5,6,7,5,6,7,5,6,7,5,6,7,5,6,7,5,9,11]
[10,2,3,4,5,6,7,5,6,7,5,6,7,5,6,7,5,6,7,5,6,7,5,6,7,5,6,7,5,6,7,5,6,7,5,6,7,5,6,7,5,6,7,5,6,7,5,6,7,5,6,7,5,6,7,5,6,7,5,6,7,5,6,7,5,6,7,5,6,7,5,6,7,5,6,7,5,6,7,5,6,7,5,6,7,5,6,7,5,6,7,5,6,7,5,6,7,5,6,7,5,6,7,8,5,6,7,5,6,7,5,6,7,5,6,7,5,6,7,5,6,7,5,6,7,5,6,7,5,6,7,5,6,7,5,6,7,5,6,7,5,6,7,5,6,7,5,6,7,5,6,7,5,6,7,5,6,7,5,6,7,5,6,7,5,6,7,5,6,7,5,6,7,5,6,7,5,6,7,5,6,7,5,6,7,5,6,7,5,6,7,5,6,7,5,6,7,5,9,11]
[10,2,3,4,5,6,7,5,6,7,5,6,7,5,6,7,5,6,7,5,6,7,5,6,7,5,6,7,5,6,7,5,6,7,5,6,7,5,6,7,5,6,7,5,6,7,5,6,7,5,6,7,5,6,7,5,6,7,5,6,7,5,6,7,5,6,7,5,6,7,5,6,7,5,6,7,5,6,7,5,6,7,5,6,7,5,6,7,5,6,7,5,6,7,5,6,7,5,6,7,5,6,7,5,6,7,5,6,7,5,6,7,5,6,7,5,6,7,5,6,7,5,6,7,5,6,7,5,6,7,5,6,7,5,6,7,5,6,7,5,6,7,5,6,7,5,6,7,5,6,7,5,6,7,5,6,7,5,6,7,5,6,7,5,6,7,5,6,7,5,6,7,5,6,7,5,6,7,5,6,7,5,6,7,5,6,7,5,6,7,5,6,7,5,6,7,8,5,9,11]
[10,2,3,4,5,6,7,5,6,7,5,6,7,5,6,7,5,6,7,5,6,7,5,6,7,5,6,7,5,6,7,5,6,7,5,6,7,5,6,7,5,6,7,5,6,7,5,6,7,5,6,7,5,6,7,5,6,7,5,6,7,5,6,7,5,6,7,5,6,7,5,6,7,5,6,7,5,6,7,5,6,7,5,6,7,5,6,7,5,6,7,5,6,7,5,6,7,5,6,7,5,6,7,5,6,7,5,6,7,5,6,7,5,6,7,5,6,7,5,6,7,5,6,7,5,6,7,5,6,7,5,6,7,5,6,7,5,6,7,5,6,7,5,6,7,5,6,7,5,6,7,5,6,7,5,6,7,5,6,7,5,6,7,5,6,7,5,6,7,5,6,7,5,6,7,5,6,7,5,6,7,5,6,7,5,6,7,5,6,7,5,6,7,5,6,7,8,5,9,11]