net.objecthunter.exp4j.ExpressionBuilderTest.testFunction10()
[11,3,6,8,9,12]
[11,3,6,8,9,12]
[11,3,6,8,9,12]
[11,3,6,8,9,12]
[11,3,6,8,9,12]
[11,3,6,8,9,12]
[11,3,6,8,9,12]
[11,3,6,8,9,12]
[11,3,6,8,9,12]
[11,3,6,8,9,12]
[11,3,6,8,9,12]
[11,3,6,8,9,12]
[11,3,6,8,9,12]
[11,3,6,8,9,12]
[11,3,6,8,9,12]
[11,3,6,8,9,12]
[11,3,6,8,9,12]
[11,3,6,8,9,12]
[11,3,6,8,9,12]
[11,3,6,8,9,12]
[11,3,6,8,9,12]
[11,3,6,8,9,12]
[11,3,6,8,9,12]
[11,3,6,8,9,12]
[11,3,6,8,9,12]
[11,3,6,8,9,12]
[11,3,6,8,9,12]
[11,3,6,8,9,12]
[11,3,6,8,9,12]
[11,3,6,8,9,12]