net.objecthunter.exp4j.ExpressionBuilderTest.testFunction14()
[11,3,6,8,9,12]
[11,3,6,8,9,12]
[11,3,6,8,9,12]
[11,3,6,8,9,12]
[11,3,6,8,9,12]
[11,3,6,8,9,12]
[11,3,6,8,9,12]
[11,3,6,8,9,12]
[11,3,6,8,9,12]
[11,3,6,8,9,12]
[11,3,6,8,9,12]
[11,3,6,8,9,12]
[11,3,6,8,9,12]
[11,3,6,8,9,12]
[11,3,6,8,9,12]
[11,3,6,8,9,12]
[11,3,6,8,9,12]
[11,3,6,8,9,12]
[11,3,6,8,9,12]
[11,3,6,8,9,12]
[11,3,6,8,9,12]
[11,3,6,8,9,12]
[11,3,6,8,9,12]
[11,3,6,8,9,12]
[11,3,6,8,9,12]
[11,3,6,8,9,12]
[11,3,6,8,9,12]
[11,3,6,8,9,12]
[11,3,6,8,9,12]
[11,3,6,8,9,12]