org.apache.commons.lang3.StringUtilsTest.testIsMixedCase()
[15,2,3,16]
[15,2,3,16]
[15,2,3,16]
[15,2,3,16]
[15,2,3,16]
[15,2,3,16]
[15,2,4,5,6,7,8,10,11,7,8,10,12,7,14,16]
[15,2,4,5,6,7,8,10,12,7,8,12,137,14,16]
[15,2,4,5,6,7,8,12,137,8,12,137,8,12,137,14,16]
[15,2,4,5,6,7,8,10,11,7,8,10,11,7,8,10,11,7,14,16]
[15,2,4,5,6,7,8,12,137,8,10,11,7,8,9,16]
[15,2,4,5,6,7,8,12,137,8,10,11,7,8,9,16]
[15,2,4,5,6,7,8,10,11,7,8,10,12,7,8,12,137,14,16]
[15,2,4,5,6,7,8,12,137,8,10,11,7,8,9,16]
[15,2,4,5,6,7,8,10,11,7,8,10,12,7,8,12,137,14,16]
[15,2,4,5,6,7,8,12,137,8,10,12,7,8,10,11,7,14,16]