1. [15,2,4,5,6,7,8,10,11,12,13]
2. [15,2,4,5,6,7,8,10,12,13]
3. [15,2,4,5,6,7,8,9,16]
4. [15,2,4,5,6,7,14,16]
5. [8,10,11,12,13,7,14,16]
6. [10,11,12,13,7,8,9,16]
7. [13,7,8,10,11,12,13]
8. [7,8,10,11,12,13,7]
9. [10,12,13,7,8,9,16]
10. [10,11,12,13,7,8,10]
11. [12,13,7,8,10,11,12]
12. [11,12,13,7,8,10,11]
13. [8,10,11,12,13,7,8]
14. [8,10,11,12,7,14,16]
15. [10,11,12,7,8,9,16]
16. [8,10,12,13,7,14,16]
17. [13,7,8,10,12,13]
18. [7,8,10,11,12,7]
19. [12,7,8,10,11,12]
20. [8,10,11,12,7,8]
21. [7,8,10,12,13,7]
22. [8,10,12,7,14,16]
23. [11,12,7,8,10,11]
24. [12,13,7,8,10,12]
25. [10,12,13,7,8,10]
26. [10,11,12,7,8,10]
27. [8,10,12,13,7,8]
28. [10,12,7,8,9,16]
29. [12,7,8,10,12]
30. [7,8,10,12,7]
31. [8,10,12,7,8]
32. [10,12,7,8,10]
33. [15,2,3,16]