1. [49,2,4,5,6,7,8,9,10,11,12,13,14,15,16,17,18,19,22,23,25,27,31,32,36,37,38,39,40,41,42,43]
2. [49,2,4,5,6,7,8,9,10,11,12,13,14,15,16,17,18,19,22,23,25,27,31,32,36,37,38,39,40,44,45,46]
3. [49,2,4,5,6,7,8,9,10,11,12,13,14,15,16,17,18,19,22,23,25,27,31,32,36,37,38,40,44,45,46]
4. [49,2,4,5,6,7,8,10,11,12,13,14,15,16,17,18,19,22,23,25,27,31,32,36,37,38,39,40,41,42,43]
5. [49,2,4,5,6,7,8,10,11,12,13,14,15,16,17,18,19,22,23,25,27,31,32,36,37,38,39,40,44,45,46]
6. [49,2,4,5,6,7,8,9,10,11,12,13,14,15,16,17,18,19,22,23,25,27,31,32,36,37,38,40,41,42,43]
7. [49,2,4,5,6,8,9,10,11,12,13,14,15,16,17,18,19,22,23,25,27,31,32,36,37,38,39,40,41,42,43]
8. [49,2,4,6,7,8,9,10,11,12,13,14,15,16,17,18,19,22,23,25,27,31,32,36,37,38,39,40,44,45,46]
9. [49,2,4,5,6,8,9,10,11,12,13,14,15,16,17,18,19,22,23,25,27,31,32,36,37,38,39,40,44,45,46]
10. [49,2,4,6,7,8,9,10,11,12,13,14,15,16,17,18,19,22,23,25,27,31,32,36,37,38,39,40,41,42,43]
11. [49,2,4,5,6,8,9,10,11,12,13,14,15,16,17,18,19,22,23,25,27,31,32,36,37,38,40,41,42,43]
12. [49,2,4,5,6,7,8,10,11,12,13,14,15,16,17,18,19,22,23,25,27,31,32,36,37,38,40,44,45,46]
13. [49,2,4,5,6,8,9,10,11,12,13,14,15,16,17,18,19,22,23,25,27,31,32,36,37,38,40,44,45,46]
14. [49,2,4,5,6,8,10,11,12,13,14,15,16,17,18,19,22,23,25,27,31,32,36,37,38,39,40,44,45,46]
15. [49,2,4,5,6,8,10,11,12,13,14,15,16,17,18,19,22,23,25,27,31,32,36,37,38,39,40,41,42,43]
16. [49,2,4,5,6,7,8,10,11,12,13,14,15,16,17,18,19,22,23,25,27,31,32,36,37,38,40,41,42,43]
17. [49,2,4,5,6,7,8,9,10,11,12,13,14,15,16,17,18,23,25,27,31,32,36,37,38,39,40,41,42,43]
18. [49,2,4,5,6,7,8,9,10,11,12,13,14,15,16,17,18,23,25,27,31,32,36,37,38,39,40,44,45,46]
19. [49,2,4,6,7,8,9,10,11,12,13,14,15,16,17,18,19,22,23,25,27,31,32,36,37,38,40,41,42,43]
20. [49,2,4,6,7,8,10,11,12,13,14,15,16,17,18,19,22,23,25,27,31,32,36,37,38,39,40,44,45,46]
21. [49,2,4,6,8,9,10,11,12,13,14,15,16,17,18,19,22,23,25,27,31,32,36,37,38,39,40,41,42,43]
22. [49,2,4,6,7,8,10,11,12,13,14,15,16,17,18,19,22,23,25,27,31,32,36,37,38,39,40,41,42,43]
23. [49,2,4,6,7,8,9,10,11,12,13,14,15,16,17,18,19,22,23,25,27,31,32,36,37,38,40,44,45,46]
24. [49,2,4,6,8,9,10,11,12,13,14,15,16,17,18,19,22,23,25,27,31,32,36,37,38,39,40,44,45,46]
25. [49,2,4,6,7,8,9,10,11,12,13,14,15,16,17,18,23,25,27,31,32,36,37,38,39,40,41,42,43]
26. [49,2,4,5,6,8,10,11,12,13,14,15,16,17,18,19,22,23,25,27,31,32,36,37,38,40,41,42,43]
27. [49,2,4,5,6,8,10,11,12,13,14,15,16,17,18,19,22,23,25,27,31,32,36,37,38,40,44,45,46]
28. [49,2,4,6,7,8,9,10,11,12,13,14,15,16,17,18,23,25,27,31,32,36,37,38,39,40,44,45,46]
29. [49,2,4,6,8,9,10,11,12,13,14,15,16,17,18,19,22,23,25,27,31,32,36,37,38,40,41,42,43]
30. [49,2,4,6,8,9,10,11,12,13,14,15,16,17,18,19,22,23,25,27,31,32,36,37,38,40,44,45,46]
31. [49,2,4,6,7,8,10,11,12,13,14,15,16,17,18,19,22,23,25,27,31,32,36,37,38,40,44,45,46]
32. [49,2,4,6,7,8,10,11,12,13,14,15,16,17,18,19,22,23,25,27,31,32,36,37,38,40,41,42,43]
33. [49,2,4,5,6,8,9,10,11,12,13,14,15,16,17,18,23,25,27,31,32,36,37,38,39,40,44,45,46]
34. [49,2,4,5,6,7,8,9,10,11,12,13,14,15,16,17,18,23,25,27,31,32,36,37,38,40,44,45,46]
35. [49,2,4,5,6,7,8,9,10,11,12,13,14,15,16,17,18,23,25,27,31,32,36,37,38,40,41,42,43]
36. [49,2,4,5,6,8,9,10,11,12,13,14,15,16,17,18,23,25,27,31,32,36,37,38,39,40,41,42,43]
37. [49,2,4,5,6,7,8,10,11,12,13,14,15,16,17,18,23,25,27,31,32,36,37,38,39,40,41,42,43]
38. [49,2,4,5,6,7,8,10,11,12,13,14,15,16,17,18,23,25,27,31,32,36,37,38,39,40,44,45,46]
39. [49,2,4,6,8,10,11,12,13,14,15,16,17,18,19,22,23,25,27,31,32,36,37,38,39,40,41,42,43]
40. [49,2,4,6,8,10,11,12,13,14,15,16,17,18,19,22,23,25,27,31,32,36,37,38,39,40,44,45,46]
41. [49,2,4,6,8,9,10,11,12,13,14,15,16,17,18,23,25,27,31,32,36,37,38,39,40,44,45,46]
42. [49,2,4,6,8,9,10,11,12,13,14,15,16,17,18,23,25,27,31,32,36,37,38,39,40,41,42,43]
43. [49,2,4,6,7,8,10,11,12,13,14,15,16,17,18,23,25,27,31,32,36,37,38,39,40,44,45,46]
44. [49,2,4,6,7,8,9,10,11,12,13,14,15,16,17,18,23,25,27,31,32,36,37,38,40,44,45,46]
45. [49,2,4,6,7,8,9,10,11,12,13,14,15,16,17,18,23,25,27,31,32,36,37,38,40,41,42,43]
46. [49,2,4,6,7,8,10,11,12,13,14,15,16,17,18,23,25,27,31,32,36,37,38,39,40,41,42,43]
47. [49,2,4,6,8,10,11,12,13,14,15,16,17,18,19,22,23,25,27,31,32,36,37,38,40,44,45,46]
48. [49,2,4,6,8,10,11,12,13,14,15,16,17,18,19,22,23,25,27,31,32,36,37,38,40,41,42,43]
49. [49,2,4,5,6,7,8,10,11,12,13,14,15,16,17,18,23,25,27,31,32,36,37,38,40,41,42,43]
50. [49,2,4,5,6,7,8,10,11,12,13,14,15,16,17,18,23,25,27,31,32,36,37,38,40,44,45,46]
51. [49,2,4,5,6,8,10,11,12,13,14,15,16,17,18,23,25,27,31,32,36,37,38,39,40,44,45,46]
52. [49,2,4,5,6,8,10,11,12,13,14,15,16,17,18,23,25,27,31,32,36,37,38,39,40,41,42,43]
53. [49,2,4,5,6,8,9,10,11,12,13,14,15,16,17,18,23,25,27,31,32,36,37,38,40,41,42,43]
54. [49,2,4,5,6,8,9,10,11,12,13,14,15,16,17,18,23,25,27,31,32,36,37,38,40,44,45,46]
55. [49,2,4,6,8,9,10,11,12,13,14,15,16,17,18,23,25,27,31,32,36,37,38,40,44,45,46]
56. [49,2,4,6,8,9,10,11,12,13,14,15,16,17,18,23,25,27,31,32,36,37,38,40,41,42,43]
57. [49,2,4,6,8,10,11,12,13,14,15,16,17,18,23,25,27,31,32,36,37,38,39,40,41,42,43]
58. [49,2,4,6,8,10,11,12,13,14,15,16,17,18,23,25,27,31,32,36,37,38,39,40,44,45,46]
59. [49,2,4,5,6,7,8,9,10,11,12,13,14,15,16,17,18,19,22,23,25,27,31,32,33,34,35]
60. [49,2,4,6,7,8,10,11,12,13,14,15,16,17,18,23,25,27,31,32,36,37,38,40,41,42,43]
61. [49,2,4,6,7,8,10,11,12,13,14,15,16,17,18,23,25,27,31,32,36,37,38,40,44,45,46]
62. [49,2,4,5,6,8,10,11,12,13,14,15,16,17,18,23,25,27,31,32,36,37,38,40,44,45,46]
63. [49,2,4,5,6,8,10,11,12,13,14,15,16,17,18,23,25,27,31,32,36,37,38,40,41,42,43]
64. [49,2,4,6,7,8,9,10,11,12,13,14,15,16,17,18,19,22,23,25,27,31,32,33,34,35]
65. [49,2,4,5,6,7,8,10,11,12,13,14,15,16,17,18,19,22,23,25,27,31,32,33,34,35]
66. [49,2,4,5,6,8,9,10,11,12,13,14,15,16,17,18,19,22,23,25,27,31,32,33,34,35]
67. [49,2,4,6,8,10,11,12,13,14,15,16,17,18,23,25,27,31,32,36,37,38,40,41,42,43]
68. [49,2,4,6,8,10,11,12,13,14,15,16,17,18,23,25,27,31,32,36,37,38,40,44,45,46]
69. [49,2,4,5,6,8,10,11,12,13,14,15,16,17,18,19,22,23,25,27,31,32,33,34,35]
70. [49,2,4,6,7,8,10,11,12,13,14,15,16,17,18,19,22,23,25,27,31,32,33,34,35]
71. [49,2,4,5,6,7,8,9,10,11,12,13,14,15,16,17,18,23,25,27,31,32,33,34,35]
72. [49,2,4,5,6,7,8,9,10,11,12,13,14,15,16,17,18,19,22,23,25,27,28,29,30]
73. [49,2,4,6,8,9,10,11,12,13,14,15,16,17,18,19,22,23,25,27,31,32,33,34,35]
74. [26,25,27,31,32,36,37,38,39,40,44,45,46,14,15,16,17,18,19,22,23,24,47,48,50]
75. [49,2,4,5,6,8,9,10,11,12,13,14,15,16,17,18,23,25,27,31,32,33,34,35]
76. [49,2,4,6,7,8,9,10,11,12,13,14,15,16,17,18,23,25,27,31,32,33,34,35]
77. [49,2,4,6,7,8,9,10,11,12,13,14,15,16,17,18,19,22,23,25,27,28,29,30]
78. [49,2,4,5,6,7,8,9,10,11,12,13,14,15,16,17,18,19,22,23,24,47,48,50]
79. [49,2,4,5,6,7,8,10,11,12,13,14,15,16,17,18,19,22,23,25,27,28,29,30]
80. [49,2,4,5,6,8,9,10,11,12,13,14,15,16,17,18,19,22,23,25,27,28,29,30]
81. [49,2,4,5,6,7,8,10,11,12,13,14,15,16,17,18,23,25,27,31,32,33,34,35]
82. [49,2,4,6,8,10,11,12,13,14,15,16,17,18,19,22,23,25,27,31,32,33,34,35]
83. [26,25,27,31,32,36,37,38,40,44,45,46,14,15,16,17,18,19,22,23,24,47,48,50]
84. [49,2,4,5,6,8,10,11,12,13,14,15,16,17,18,19,22,23,25,27,28,29,30]
85. [49,2,4,5,6,8,10,11,12,13,14,15,16,17,18,23,25,27,31,32,33,34,35]
86. [49,2,4,6,7,8,9,10,11,12,13,14,15,16,17,18,19,22,23,24,47,48,50]
87. [49,2,4,5,6,7,8,9,10,11,12,13,14,15,16,17,18,23,25,27,28,29,30]
88. [49,2,4,5,6,7,8,10,11,12,13,14,15,16,17,18,19,22,23,24,47,48,50]
89. [49,2,4,5,6,8,9,10,11,12,13,14,15,16,17,18,19,22,23,24,47,48,50]
90. [49,2,4,6,7,8,10,11,12,13,14,15,16,17,18,23,25,27,31,32,33,34,35]
91. [49,2,4,6,8,9,10,11,12,13,14,15,16,17,18,19,22,23,25,27,28,29,30]
92. [49,2,4,6,7,8,10,11,12,13,14,15,16,17,18,19,22,23,25,27,28,29,30]
93. [49,2,4,6,8,9,10,11,12,13,14,15,16,17,18,23,25,27,31,32,33,34,35]
94. [26,25,27,31,32,36,37,38,39,40,44,45,46,14,15,16,17,18,23,24,47,48,50]
95. [26,25,27,31,32,36,37,38,39,40,44,14,15,16,17,18,19,22,23,24,47,48,50]
96. [15,16,17,18,19,22,23,25,27,31,32,36,37,38,39,40,44,45,46,14,47,48,50]
97. [36,37,38,39,40,44,45,46,14,15,16,17,18,19,22,23,25,27,31,32,33,34,35]
98. [44,45,46,14,15,16,17,18,19,22,23,25,27,31,32,36,37,38,39,40,41,42,43]
99. [31,32,36,37,38,39,40,44,45,46,14,15,16,17,18,19,22,23,25,27,28,29,30]
100. [49,2,4,5,6,8,10,11,12,13,14,15,16,17,18,19,22,23,24,47,48,50]
101. [49,2,4,5,6,8,9,10,11,12,13,14,15,16,17,18,23,25,27,28,29,30]
102. [49,2,4,6,7,8,9,10,11,12,13,14,15,16,17,18,23,25,27,28,29,30]
103. [49,2,4,5,6,7,8,9,10,11,12,13,14,15,16,17,18,23,24,47,48,50]
104. [49,2,4,5,6,7,8,9,10,11,12,13,14,15,16,17,18,19,22,23,25,26]
105. [49,2,4,5,6,7,8,10,11,12,13,14,15,16,17,18,23,25,27,28,29,30]
106. [49,2,4,6,8,10,11,12,13,14,15,16,17,18,23,25,27,31,32,33,34,35]
107. [49,2,4,6,8,9,10,11,12,13,14,15,16,17,18,19,22,23,24,47,48,50]
108. [49,2,4,6,7,8,10,11,12,13,14,15,16,17,18,19,22,23,24,47,48,50]
109. [49,2,4,6,8,10,11,12,13,14,15,16,17,18,19,22,23,25,27,28,29,30]
110. [31,32,36,37,38,40,44,45,46,14,15,16,17,18,19,22,23,25,27,28,29,30]
111. [44,45,46,14,15,16,17,18,19,22,23,25,27,31,32,36,37,38,40,41,42,43]
112. [36,37,38,40,44,45,46,14,15,16,17,18,19,22,23,25,27,31,32,33,34,35]
113. [20,21,14,15,16,17,18,19,22,23,25,27,31,32,36,37,38,39,40,41,42,43]
114. [20,21,14,15,16,17,18,19,22,23,25,27,31,32,36,37,38,39,40,44,45,46]
115. [22,23,25,27,31,32,36,37,38,39,40,44,45,46,14,15,16,17,18,19,20,21]
116. [15,16,17,18,19,22,23,25,27,31,32,36,37,38,40,44,45,46,14,47,48,50]
117. [26,25,27,31,32,36,37,38,40,44,45,46,14,15,16,17,18,23,24,47,48,50]
118. [26,25,27,31,32,36,37,38,40,44,14,15,16,17,18,19,22,23,24,47,48,50]
119. [49,2,4,6,7,8,9,10,11,12,13,14,15,16,17,18,19,22,23,25,26]
120. [49,2,4,6,7,8,9,10,11,12,13,14,15,16,17,18,23,24,47,48,50]
121. [49,2,4,5,6,8,10,11,12,13,14,15,16,17,18,23,25,27,28,29,30]
122. [49,2,4,6,7,8,10,11,12,13,14,15,16,17,18,23,25,27,28,29,30]
123. [49,2,4,5,6,7,8,10,11,12,13,14,15,16,17,18,19,22,23,25,26]
124. [49,2,4,5,6,7,8,10,11,12,13,14,15,16,17,18,23,24,47,48,50]
125. [49,2,4,5,6,8,9,10,11,12,13,14,15,16,17,18,23,24,47,48,50]
126. [49,2,4,5,6,8,9,10,11,12,13,14,15,16,17,18,19,22,23,25,26]
127. [49,2,4,6,8,10,11,12,13,14,15,16,17,18,19,22,23,24,47,48,50]
128. [49,2,4,6,8,9,10,11,12,13,14,15,16,17,18,23,25,27,28,29,30]
129. [26,25,27,31,32,36,37,38,39,40,44,45,46,14,15,16,17,18,19,20,21]
130. [26,25,27,31,32,36,37,38,39,40,44,14,15,16,17,18,23,24,47,48,50]
131. [22,23,25,27,31,32,36,37,38,40,44,45,46,14,15,16,17,18,19,20,21]
132. [23,25,27,31,32,36,37,38,39,40,44,45,46,14,15,16,17,18,19,22,23]
133. [25,27,31,32,36,37,38,39,40,44,45,46,14,15,16,17,18,19,22,23,25]
134. [22,23,25,27,31,32,36,37,38,39,40,44,45,46,14,15,16,17,18,19,22]
135. [17,18,19,22,23,25,27,31,32,36,37,38,39,40,44,45,46,14,15,16,17]
136. [16,17,18,19,22,23,25,27,31,32,36,37,38,39,40,44,45,46,14,15,16]
137. [15,16,17,18,23,25,27,31,32,36,37,38,39,40,44,45,46,14,47,48,50]
138. [18,19,22,23,25,27,31,32,36,37,38,39,40,44,45,46,14,15,16,17,18]
139. [20,21,14,15,16,17,18,19,22,23,25,27,31,32,36,37,38,40,44,45,46]
140. [20,21,14,15,16,17,18,19,22,23,25,27,31,32,36,37,38,40,41,42,43]
141. [19,22,23,25,27,31,32,36,37,38,39,40,44,45,46,14,15,16,17,18,19]
142. [19,20,21,14,15,16,17,18,23,25,27,31,32,36,37,38,39,40,41,42,43]
143. [19,20,21,14,15,16,17,18,23,25,27,31,32,36,37,38,39,40,44,45,46]
144. [37,38,39,40,44,45,46,14,15,16,17,18,19,22,23,25,27,31,32,36,37]
145. [38,39,40,44,45,46,14,15,16,17,18,19,22,23,25,27,31,32,36,37,38]
146. [36,37,38,39,40,44,45,46,14,15,16,17,18,19,22,23,25,27,31,32,36]
147. [36,37,38,39,40,44,45,46,14,15,16,17,18,23,25,27,31,32,33,34,35]
148. [39,40,44,45,46,14,15,16,17,18,19,22,23,25,27,31,32,36,37,38,39]
149. [44,45,46,14,15,16,17,18,23,25,27,31,32,36,37,38,39,40,41,42,43]
150. [45,46,14,15,16,17,18,19,22,23,25,27,31,32,36,37,38,39,40,44,45]
151. [40,44,45,46,14,15,16,17,18,19,22,23,25,27,31,32,36,37,38,39,40]
152. [44,45,46,14,15,16,17,18,19,22,23,25,27,31,32,36,37,38,39,40,44]
153. [31,32,36,37,38,39,40,44,14,15,16,17,18,19,22,23,25,27,28,29,30]
154. [27,31,32,36,37,38,39,40,44,45,46,14,15,16,17,18,19,22,23,25,26]
155. [27,31,32,36,37,38,39,40,44,45,46,14,15,16,17,18,19,22,23,25,27]
156. [31,32,36,37,38,39,40,44,45,46,14,15,16,17,18,19,22,23,25,27,31]
157. [32,36,37,38,39,40,44,45,46,14,15,16,17,18,19,22,23,25,27,31,32]
158. [36,37,38,39,40,44,14,15,16,17,18,19,22,23,25,27,31,32,33,34,35]
159. [31,32,36,37,38,39,40,44,45,46,14,15,16,17,18,23,25,27,28,29,30]
160. [15,16,17,18,19,22,23,25,27,31,32,36,37,38,39,40,44,45,46,14,15]
161. [46,14,15,16,17,18,19,22,23,25,27,31,32,36,37,38,39,40,44,45,46]
162. [14,15,16,17,18,19,22,23,25,27,31,32,36,37,38,39,40,44,45,46,14]
163. [15,16,17,18,19,22,23,25,27,31,32,36,37,38,39,40,44,14,47,48,50]
164. [44,14,15,16,17,18,19,22,23,25,27,31,32,36,37,38,39,40,41,42,43]
165. [49,2,4,6,7,8,10,11,12,13,14,15,16,17,18,23,24,47,48,50]
166. [49,2,4,6,7,8,10,11,12,13,14,15,16,17,18,19,22,23,25,26]
167. [49,2,4,6,8,9,10,11,12,13,14,15,16,17,18,19,22,23,25,26]
168. [49,2,4,6,8,10,11,12,13,14,15,16,17,18,23,25,27,28,29,30]
169. [49,2,4,6,8,9,10,11,12,13,14,15,16,17,18,23,24,47,48,50]
170. [49,2,4,5,6,7,8,9,10,11,12,13,14,15,16,17,18,19,20,21]
171. [49,2,4,5,6,7,8,9,10,11,12,13,14,15,16,17,18,23,25,26]
172. [49,2,4,5,6,8,10,11,12,13,14,15,16,17,18,19,22,23,25,26]
173. [49,2,4,5,6,8,10,11,12,13,14,15,16,17,18,23,24,47,48,50]
174. [27,31,32,36,37,38,40,44,45,46,14,15,16,17,18,19,22,23,25,26]
175. [27,31,32,36,37,38,40,44,45,46,14,15,16,17,18,19,22,23,25,27]
176. [25,27,31,32,36,37,38,40,44,45,46,14,15,16,17,18,19,22,23,25]
177. [31,32,36,37,38,40,44,14,15,16,17,18,19,22,23,25,27,28,29,30]
178. [31,32,36,37,38,40,44,45,46,14,15,16,17,18,19,22,23,25,27,31]
179. [23,25,27,31,32,36,37,38,40,44,45,46,14,15,16,17,18,19,22,23]
180. [22,23,25,27,31,32,36,37,38,40,44,45,46,14,15,16,17,18,19,22]
181. [26,25,27,31,32,36,37,38,40,44,45,46,14,15,16,17,18,19,20,21]
182. [26,25,27,31,32,36,37,38,40,44,14,15,16,17,18,23,24,47,48,50]
183. [31,32,36,37,38,40,44,45,46,14,15,16,17,18,23,25,27,28,29,30]
184. [38,40,44,45,46,14,15,16,17,18,19,22,23,25,27,31,32,36,37,38]
185. [37,38,40,44,45,46,14,15,16,17,18,19,22,23,25,27,31,32,36,37]
186. [40,44,45,46,14,15,16,17,18,19,22,23,25,27,31,32,36,37,38,40]
187. [45,46,14,15,16,17,18,19,22,23,25,27,31,32,36,37,38,40,44,45]
188. [44,45,46,14,15,16,17,18,23,25,27,31,32,36,37,38,40,41,42,43]
189. [44,45,46,14,15,16,17,18,19,22,23,25,27,31,32,36,37,38,40,44]
190. [32,36,37,38,40,44,45,46,14,15,16,17,18,19,22,23,25,27,31,32]
191. [36,37,38,40,44,45,46,14,15,16,17,18,23,25,27,31,32,33,34,35]
192. [36,37,38,40,44,45,46,14,15,16,17,18,19,22,23,25,27,31,32,36]
193. [36,37,38,40,44,14,15,16,17,18,19,22,23,25,27,31,32,33,34,35]
194. [18,19,22,23,25,27,31,32,36,37,38,40,44,45,46,14,15,16,17,18]
195. [19,20,21,14,15,16,17,18,23,25,27,31,32,36,37,38,40,41,42,43]
196. [17,18,19,22,23,25,27,31,32,36,37,38,40,44,45,46,14,15,16,17]
197. [19,20,21,14,15,16,17,18,23,25,27,31,32,36,37,38,40,44,45,46]
198. [19,22,23,25,27,31,32,36,37,38,40,44,45,46,14,15,16,17,18,19]
199. [22,23,25,27,31,32,36,37,38,39,40,44,14,15,16,17,18,19,20,21]
200. [46,14,15,16,17,18,19,22,23,25,27,31,32,36,37,38,40,44,45,46]
201. [14,15,16,17,18,19,22,23,25,27,31,32,36,37,38,40,44,45,46,14]
202. [44,14,15,16,17,18,19,22,23,25,27,31,32,36,37,38,40,41,42,43]
203. [16,17,18,19,22,23,25,27,31,32,36,37,38,40,44,45,46,14,15,16]
204. [15,16,17,18,23,25,27,31,32,36,37,38,40,44,45,46,14,47,48,50]
205. [15,16,17,18,19,22,23,25,27,31,32,36,37,38,40,44,45,46,14,15]
206. [15,16,17,18,19,22,23,25,27,31,32,36,37,38,40,44,14,47,48,50]
207. [49,2,4,6,8,10,11,12,13,14,15,16,17,18,19,22,23,25,26]
208. [49,2,4,6,8,10,11,12,13,14,15,16,17,18,23,24,47,48,50]
209. [49,2,4,5,6,7,8,10,11,12,13,14,15,16,17,18,23,25,26]
210. [49,2,4,5,6,8,9,10,11,12,13,14,15,16,17,18,19,20,21]
211. [49,2,4,5,6,7,8,10,11,12,13,14,15,16,17,18,19,20,21]
212. [49,2,4,5,6,8,9,10,11,12,13,14,15,16,17,18,23,25,26]
213. [49,2,4,6,7,8,9,10,11,12,13,14,15,16,17,18,19,20,21]
214. [49,2,4,6,7,8,9,10,11,12,13,14,15,16,17,18,23,25,26]
215. [32,36,37,38,39,40,44,14,15,16,17,18,19,22,23,25,27,31,32]
216. [31,32,36,37,38,39,40,44,45,46,14,15,16,17,18,23,25,27,31]
217. [32,36,37,38,39,40,44,45,46,14,15,16,17,18,23,25,27,31,32]
218. [27,31,32,36,37,38,39,40,44,14,15,16,17,18,19,22,23,25,26]
219. [27,31,32,36,37,38,39,40,44,14,15,16,17,18,19,22,23,25,27]
220. [25,27,31,32,36,37,38,39,40,44,45,46,14,15,16,17,18,23,25]
221. [31,32,36,37,38,39,40,44,14,15,16,17,18,19,22,23,25,27,31]
222. [31,32,36,37,38,39,40,44,14,15,16,17,18,23,25,27,28,29,30]
223. [27,31,32,36,37,38,39,40,44,45,46,14,15,16,17,18,23,25,26]
224. [27,31,32,36,37,38,39,40,44,45,46,14,15,16,17,18,23,25,27]
225. [36,37,38,39,40,44,14,15,16,17,18,19,22,23,25,27,31,32,36]
226. [39,40,44,14,15,16,17,18,19,22,23,25,27,31,32,36,37,38,39]
227. [39,40,44,45,46,14,15,16,17,18,23,25,27,31,32,36,37,38,39]
228. [40,44,14,15,16,17,18,19,22,23,25,27,31,32,36,37,38,39,40]
229. [38,39,40,44,45,46,14,15,16,17,18,23,25,27,31,32,36,37,38]
230. [45,46,14,15,16,17,18,23,25,27,31,32,36,37,38,39,40,44,45]
231. [40,44,45,46,14,15,16,17,18,23,25,27,31,32,36,37,38,39,40]
232. [44,45,46,14,15,16,17,18,23,25,27,31,32,36,37,38,39,40,44]
233. [38,39,40,44,14,15,16,17,18,19,22,23,25,27,31,32,36,37,38]
234. [36,37,38,39,40,44,45,46,14,15,16,17,18,23,25,27,31,32,36]
235. [36,37,38,39,40,44,14,15,16,17,18,23,25,27,31,32,33,34,35]
236. [37,38,39,40,44,45,46,14,15,16,17,18,23,25,27,31,32,36,37]
237. [37,38,39,40,44,14,15,16,17,18,19,22,23,25,27,31,32,36,37]
238. [15,16,17,18,23,25,27,31,32,36,37,38,39,40,44,45,46,14,15]
239. [15,16,17,18,23,25,27,31,32,36,37,38,39,40,44,14,47,48,50]
240. [15,16,17,18,19,22,23,25,27,31,32,36,37,38,39,40,44,14,15]
241. [14,15,16,17,18,19,22,23,25,27,31,32,36,37,38,39,40,44,14]
242. [14,15,16,17,18,23,25,27,31,32,36,37,38,39,40,44,45,46,14]
243. [16,17,18,23,25,27,31,32,36,37,38,39,40,44,45,46,14,15,16]
244. [17,18,19,22,23,25,27,31,32,36,37,38,39,40,44,14,15,16,17]
245. [16,17,18,19,22,23,25,27,31,32,36,37,38,39,40,44,14,15,16]
246. [46,14,15,16,17,18,23,25,27,31,32,36,37,38,39,40,44,45,46]
247. [44,14,15,16,17,18,23,25,27,31,32,36,37,38,39,40,41,42,43]
248. [44,14,15,16,17,18,19,22,23,25,27,31,32,36,37,38,39,40,44]
249. [23,25,27,31,32,36,37,38,39,40,44,45,46,14,15,16,17,18,23]
250. [23,25,27,31,32,36,37,38,39,40,44,14,15,16,17,18,19,22,23]
251. [26,25,27,31,32,36,37,38,39,40,44,14,15,16,17,18,19,20,21]
252. [22,23,25,27,31,32,36,37,38,39,40,44,14,15,16,17,18,19,22]
253. [22,23,25,27,31,32,36,37,38,40,44,14,15,16,17,18,19,20,21]
254. [25,27,31,32,36,37,38,39,40,44,14,15,16,17,18,19,22,23,25]
255. [18,23,25,27,31,32,36,37,38,39,40,44,45,46,14,15,16,17,18]
256. [18,19,22,23,25,27,31,32,36,37,38,39,40,44,14,15,16,17,18]
257. [17,18,23,25,27,31,32,36,37,38,39,40,44,45,46,14,15,16,17]
258. [19,22,23,25,27,31,32,36,37,38,39,40,44,14,15,16,17,18,19]
259. [46,14,15,16,17,18,23,25,27,31,32,36,37,38,40,44,45,46]
260. [44,14,15,16,17,18,19,22,23,25,27,31,32,36,37,38,40,44]
261. [44,14,15,16,17,18,23,25,27,31,32,36,37,38,40,41,42,43]
262. [49,2,4,5,6,8,10,11,12,13,14,15,16,17,18,19,20,21]
263. [49,2,4,5,6,8,10,11,12,13,14,15,16,17,18,23,25,26]
264. [49,2,4,6,8,9,10,11,12,13,14,15,16,17,18,19,20,21]
265. [49,2,4,6,7,8,10,11,12,13,14,15,16,17,18,23,25,26]
266. [49,2,4,6,8,9,10,11,12,13,14,15,16,17,18,23,25,26]
267. [49,2,4,6,7,8,10,11,12,13,14,15,16,17,18,19,20,21]
268. [32,36,37,38,40,44,45,46,14,15,16,17,18,23,25,27,31,32]
269. [32,36,37,38,40,44,14,15,16,17,18,19,22,23,25,27,31,32]
270. [36,37,38,40,44,14,15,16,17,18,23,25,27,31,32,33,34,35]
271. [36,37,38,40,44,14,15,16,17,18,19,22,23,25,27,31,32,36]
272. [27,31,32,36,37,38,40,44,45,46,14,15,16,17,18,23,25,27]
273. [27,31,32,36,37,38,40,44,45,46,14,15,16,17,18,23,25,26]
274. [31,32,36,37,38,40,44,45,46,14,15,16,17,18,23,25,27,31]
275. [31,32,36,37,38,40,44,14,15,16,17,18,23,25,27,28,29,30]
276. [31,32,36,37,38,40,44,14,15,16,17,18,19,22,23,25,27,31]
277. [40,44,14,15,16,17,18,19,22,23,25,27,31,32,36,37,38,40]
278. [38,40,44,45,46,14,15,16,17,18,23,25,27,31,32,36,37,38]
279. [45,46,14,15,16,17,18,23,25,27,31,32,36,37,38,40,44,45]
280. [44,45,46,14,15,16,17,18,23,25,27,31,32,36,37,38,40,44]
281. [40,44,45,46,14,15,16,17,18,23,25,27,31,32,36,37,38,40]
282. [37,38,40,44,14,15,16,17,18,19,22,23,25,27,31,32,36,37]
283. [36,37,38,40,44,45,46,14,15,16,17,18,23,25,27,31,32,36]
284. [38,40,44,14,15,16,17,18,19,22,23,25,27,31,32,36,37,38]
285. [37,38,40,44,45,46,14,15,16,17,18,23,25,27,31,32,36,37]
286. [17,18,23,25,27,31,32,36,37,38,40,44,45,46,14,15,16,17]
287. [16,17,18,23,25,27,31,32,36,37,38,40,44,45,46,14,15,16]
288. [17,18,19,22,23,25,27,31,32,36,37,38,40,44,14,15,16,17]
289. [18,19,22,23,25,27,31,32,36,37,38,40,44,14,15,16,17,18]
290. [15,16,17,18,19,22,23,25,27,31,32,36,37,38,40,44,14,15]
291. [14,15,16,17,18,23,25,27,31,32,36,37,38,40,44,45,46,14]
292. [14,15,16,17,18,19,22,23,25,27,31,32,36,37,38,40,44,14]
293. [16,17,18,19,22,23,25,27,31,32,36,37,38,40,44,14,15,16]
294. [15,16,17,18,23,25,27,31,32,36,37,38,40,44,45,46,14,15]
295. [15,16,17,18,23,25,27,31,32,36,37,38,40,44,14,47,48,50]
296. [25,27,31,32,36,37,38,40,44,14,15,16,17,18,19,22,23,25]
297. [27,31,32,36,37,38,40,44,14,15,16,17,18,19,22,23,25,26]
298. [27,31,32,36,37,38,40,44,14,15,16,17,18,19,22,23,25,27]
299. [25,27,31,32,36,37,38,40,44,45,46,14,15,16,17,18,23,25]
300. [26,25,27,31,32,36,37,38,40,44,14,15,16,17,18,19,20,21]
301. [18,23,25,27,31,32,36,37,38,40,44,45,46,14,15,16,17,18]
302. [19,22,23,25,27,31,32,36,37,38,40,44,14,15,16,17,18,19]
303. [22,23,25,27,31,32,36,37,38,40,44,14,15,16,17,18,19,22]
304. [26,25,27,31,32,36,14,15,16,17,18,19,22,23,24,47,48,50]
305. [23,25,27,31,32,36,37,38,40,44,45,46,14,15,16,17,18,23]
306. [23,25,27,31,32,36,37,38,40,44,14,15,16,17,18,19,22,23]
307. [44,14,15,16,17,18,23,25,27,31,32,36,37,38,39,40,44]
308. [15,16,17,18,23,25,27,31,32,36,37,38,39,40,44,14,15]
309. [14,15,16,17,18,23,25,27,31,32,36,37,38,39,40,44,14]
310. [49,2,4,6,8,10,11,12,13,14,15,16,17,18,23,25,26]
311. [49,2,4,6,8,10,11,12,13,14,15,16,17,18,19,20,21]
312. [36,37,38,39,40,44,14,15,16,17,18,23,25,27,31,32,36]
313. [37,38,39,40,44,14,15,16,17,18,23,25,27,31,32,36,37]
314. [32,36,37,38,39,40,44,14,15,16,17,18,23,25,27,31,32]
315. [40,44,14,15,16,17,18,23,25,27,31,32,36,37,38,39,40]
316. [39,40,44,14,15,16,17,18,23,25,27,31,32,36,37,38,39]
317. [38,39,40,44,14,15,16,17,18,23,25,27,31,32,36,37,38]
318. [20,21,14,15,16,17,18,19,22,23,25,27,31,32,33,34,35]
319. [18,23,25,27,31,32,36,37,38,39,40,44,14,15,16,17,18]
320. [16,17,18,23,25,27,31,32,36,37,38,39,40,44,14,15,16]
321. [17,18,23,25,27,31,32,36,37,38,39,40,44,14,15,16,17]
322. [27,31,32,36,37,38,39,40,44,14,15,16,17,18,23,25,27]
323. [27,31,32,36,37,38,39,40,44,14,15,16,17,18,23,25,26]
324. [31,32,36,37,38,39,40,44,14,15,16,17,18,23,25,27,31]
325. [23,25,27,31,32,36,37,38,39,40,44,14,15,16,17,18,23]
326. [25,27,31,32,36,37,38,39,40,44,14,15,16,17,18,23,25]
327. [26,25,27,31,32,36,37,38,39,40,44,45,46,14,47,48,50]
328. [15,16,17,18,23,25,27,31,32,36,37,38,40,44,14,15]
329. [16,17,18,23,25,27,31,32,36,37,38,40,44,14,15,16]
330. [44,14,15,16,17,18,23,25,27,31,32,36,37,38,40,44]
331. [36,14,15,16,17,18,19,22,23,25,27,31,32,33,34,35]
332. [14,15,16,17,18,23,25,27,31,32,36,37,38,40,44,14]
333. [15,16,17,18,19,22,23,25,27,31,32,36,14,47,48,50]
334. [49,2,4,5,6,7,8,9,10,11,12,13,14,47,48,50]
335. [36,37,38,40,44,14,15,16,17,18,23,25,27,31,32,36]
336. [37,38,40,44,14,15,16,17,18,23,25,27,31,32,36,37]
337. [32,36,37,38,40,44,14,15,16,17,18,23,25,27,31,32]
338. [40,44,14,15,16,17,18,23,25,27,31,32,36,37,38,40]
339. [38,40,44,14,15,16,17,18,23,25,27,31,32,36,37,38]
340. [18,23,25,27,31,32,36,37,38,40,44,14,15,16,17,18]
341. [26,25,27,31,14,15,16,17,18,19,22,23,24,47,48,50]
342. [26,25,27,31,32,36,14,15,16,17,18,23,24,47,48,50]
343. [23,25,27,31,32,36,37,38,40,44,14,15,16,17,18,23]
344. [17,18,23,25,27,31,32,36,37,38,40,44,14,15,16,17]
345. [19,20,21,14,15,16,17,18,23,25,27,31,32,33,34,35]
346. [31,32,36,14,15,16,17,18,19,22,23,25,27,28,29,30]
347. [31,32,36,37,38,40,44,14,15,16,17,18,23,25,27,31]
348. [26,25,27,31,32,36,37,38,40,44,45,46,14,47,48,50]
349. [25,27,31,32,36,37,38,40,44,14,15,16,17,18,23,25]
350. [27,31,32,36,37,38,40,44,14,15,16,17,18,23,25,27]
351. [27,31,32,36,37,38,40,44,14,15,16,17,18,23,25,26]
352. [49,2,4,6,7,8,9,10,11,12,13,14,47,48,50]
353. [49,2,4,5,6,8,9,10,11,12,13,14,47,48,50]
354. [49,2,4,5,6,7,8,10,11,12,13,14,47,48,50]
355. [20,21,14,15,16,17,18,19,22,23,25,27,28,29,30]
356. [26,25,27,31,32,36,37,38,39,40,44,14,47,48,50]
357. [22,23,25,27,31,32,36,14,15,16,17,18,19,20,21]
358. [36,14,15,16,17,18,23,25,27,31,32,33,34,35]
359. [36,14,15,16,17,18,19,22,23,25,27,31,32,36]
360. [31,14,15,16,17,18,19,22,23,25,27,28,29,30]
361. [14,15,16,17,18,19,22,23,25,27,31,32,36,14]
362. [15,16,17,18,19,22,23,25,27,31,14,47,48,50]
363. [18,19,22,23,25,27,31,32,36,14,15,16,17,18]
364. [19,22,23,25,27,31,32,36,14,15,16,17,18,19]
365. [19,20,21,14,15,16,17,18,23,25,27,28,29,30]
366. [20,21,14,15,16,17,18,19,22,23,24,47,48,50]
367. [16,17,18,19,22,23,25,27,31,32,36,14,15,16]
368. [15,16,17,18,19,22,23,25,27,31,32,36,14,15]
369. [15,16,17,18,23,25,27,31,32,36,14,47,48,50]
370. [17,18,19,22,23,25,27,31,32,36,14,15,16,17]
371. [49,2,4,5,6,8,10,11,12,13,14,47,48,50]
372. [49,2,4,6,7,8,10,11,12,13,14,47,48,50]
373. [49,2,4,6,8,9,10,11,12,13,14,47,48,50]
374. [26,25,27,31,14,15,16,17,18,23,24,47,48,50]
375. [26,25,27,31,32,36,14,15,16,17,18,19,20,21]
376. [25,27,31,32,36,14,15,16,17,18,19,22,23,25]
377. [26,25,27,31,32,36,37,38,40,44,14,47,48,50]
378. [23,25,27,31,32,36,14,15,16,17,18,19,22,23]
379. [22,23,25,27,31,32,36,14,15,16,17,18,19,22]
380. [32,36,14,15,16,17,18,19,22,23,25,27,31,32]
381. [31,32,36,14,15,16,17,18,23,25,27,28,29,30]
382. [27,31,32,36,14,15,16,17,18,19,22,23,25,27]
383. [27,31,32,36,14,15,16,17,18,19,22,23,25,26]
384. [31,32,36,14,15,16,17,18,19,22,23,25,27,31]
385. [19,20,21,14,15,16,17,18,23,24,47,48,50]
386. [49,2,4,6,8,10,11,12,13,14,47,48,50]
387. [26,25,27,31,32,36,37,38,39,40,41,42,43]
388. [22,23,25,27,31,14,15,16,17,18,19,20,21]
389. [36,14,15,16,17,18,23,25,27,31,32,36]
390. [14,15,16,17,18,23,25,27,31,32,36,14]
391. [14,15,16,17,18,19,22,23,25,27,31,14]
392. [31,14,15,16,17,18,23,25,27,28,29,30]
393. [31,14,15,16,17,18,19,22,23,25,27,31]
394. [18,19,22,23,25,27,31,14,15,16,17,18]
395. [17,18,23,25,27,31,32,36,14,15,16,17]
396. [20,21,14,15,16,17,18,19,22,23,25,26]
397. [15,16,17,18,23,25,27,31,32,36,14,15]
398. [16,17,18,19,22,23,25,27,31,14,15,16]
399. [15,16,17,18,23,25,27,31,14,47,48,50]
400. [15,16,17,18,19,22,23,25,27,31,14,15]
401. [17,18,19,22,23,25,27,31,14,15,16,17]
402. [16,17,18,23,25,27,31,32,36,14,15,16]
403. [32,36,14,15,16,17,18,23,25,27,31,32]
404. [23,25,27,31,14,15,16,17,18,19,22,23]
405. [23,25,27,31,32,36,14,15,16,17,18,23]
406. [26,25,27,31,32,36,37,38,40,41,42,43]
407. [26,25,27,31,14,15,16,17,18,19,20,21]
408. [18,23,25,27,31,32,36,14,15,16,17,18]
409. [19,22,23,25,27,31,14,15,16,17,18,19]
410. [22,23,25,27,31,14,15,16,17,18,19,22]
411. [27,31,32,36,14,15,16,17,18,23,25,26]
412. [27,31,32,36,14,15,16,17,18,23,25,27]
413. [31,32,36,14,15,16,17,18,23,25,27,31]
414. [25,27,31,32,36,14,15,16,17,18,23,25]
415. [25,27,31,14,15,16,17,18,19,22,23,25]
416. [27,31,14,15,16,17,18,19,22,23,25,26]
417. [27,31,14,15,16,17,18,19,22,23,25,27]
418. [15,16,17,18,19,20,21,14,47,48,50]
419. [19,20,21,14,15,16,17,18,23,25,26]
420. [31,14,15,16,17,18,23,25,27,31]
421. [14,15,16,17,18,23,25,27,31,14]
422. [17,18,23,25,27,31,14,15,16,17]
423. [16,17,18,23,25,27,31,14,15,16]
424. [15,16,17,18,23,25,27,31,14,15]
425. [23,25,27,31,14,15,16,17,18,23]
426. [18,23,25,27,31,14,15,16,17,18]
427. [27,31,14,15,16,17,18,23,25,27]
428. [27,31,14,15,16,17,18,23,25,26]
429. [26,25,27,31,32,36,14,47,48,50]
430. [25,27,31,14,15,16,17,18,23,25]
431. [14,15,16,17,18,19,20,21,14]
432. [21,14,15,16,17,18,19,20,21]
433. [17,18,19,20,21,14,15,16,17]
434. [15,16,17,18,19,20,21,14,15]
435. [16,17,18,19,20,21,14,15,16]
436. [18,19,20,21,14,15,16,17,18]
437. [20,21,14,15,16,17,18,19,20]
438. [19,20,21,14,15,16,17,18,19]
439. [26,25,27,31,14,47,48,50]
440. [26,25,27,31,32,33,34,35]
441. [26,25,27,28,29,30]
442. [49,2,3,50]
443. [16,17,16]
444. [17,16,17]
445. [26,25,26]
446. [25,26,25]