org.apache.commons.lang3.time.DurationFormatUtilsTest.testFormatPeriod()
[74,2,3,4,5,6,7,8,9,10,11,12,13,14,15,18,21,24,27,39,40,53,56,57,61,62,63,64,65,66,67,68,69,70,71,72,73,75]
[74,2,3,4,5,6,7,8,9,10,11,12,13,14,15,18,21,24,27,28,32,35,61,62,63,64,65,66,67,68,69,70,71,72,73,75]
[74,2,3,4,5,6,7,8,9,10,11,12,13,14,15,18,21,24,27,39,40,41,42,44,52,53,56,57,61,64,65,66,67,68,69,70,71,72,73,75]
[74,2,3,4,5,6,7,8,9,10,11,12,13,14,15,18,21,24,27,39,40,41,42,44,52,53,56,57,61,62,63,64,67,68,69,70,71,72,73,75]
[74,2,3,4,5,6,7,8,9,10,11,12,13,14,15,18,21,24,27,39,40,41,42,44,52,53,56,57,61,62,63,64,65,66,67,70,71,72,73,75]
[74,2,3,4,5,6,7,8,9,10,11,12,13,14,15,18,21,24,27,39,40,41,42,44,52,53,56,57,61,62,63,64,65,66,67,68,69,70,73,75]
[74,2,3,4,5,6,7,8,9,10,11,12,13,14,15,18,21,24,27,39,40,41,42,44,52,53,56,57,61,62,63,64,65,66,67,68,69,70,71,72,73,75]
[74,2,3,4,5,6,7,8,9,10,11,12,13,14,15,18,21,24,27,39,40,41,42,44,52,53,56,57,61,62,63,64,65,66,67,68,69,70,71,72,73,75]
[74,2,3,4,5,6,7,8,9,10,11,12,13,14,15,18,21,24,27,39,40,53,56,57,61,62,63,64,65,66,67,68,69,70,71,72,73,75]
[74,2,3,4,5,6,7,8,9,10,11,12,13,14,15,18,21,24,27,28,32,35,61,62,63,64,65,66,67,68,69,70,71,72,73,75]
[74,2,3,4,5,6,7,8,9,10,11,12,13,14,15,18,21,24,27,39,40,53,56,57,61,62,63,64,65,66,67,68,69,70,71,72,73,75]
[74,2,3,4,5,6,7,8,9,10,11,12,13,14,15,18,21,24,27,28,32,35,61,62,63,64,65,66,67,68,69,70,71,72,73,75]
[74,2,3,4,5,6,7,8,9,10,11,12,13,14,15,18,21,24,27,39,40,41,42,44,52,53,56,57,61,64,65,66,67,68,69,70,71,72,73,75]
[74,2,3,4,5,6,7,8,9,10,11,12,13,14,15,18,21,24,27,39,40,41,42,44,52,53,56,57,61,62,63,64,67,68,69,70,71,72,73,75]
[74,2,3,4,5,6,7,8,9,10,11,12,13,14,15,18,21,24,27,39,40,41,42,44,52,53,56,57,61,62,63,64,65,66,67,70,71,72,73,75]
[74,2,3,4,5,6,7,8,9,10,11,12,13,14,15,18,21,24,27,39,40,41,42,44,52,53,56,57,61,62,63,64,65,66,67,68,69,70,73,75]
[74,2,3,4,5,6,7,8,9,10,11,12,13,14,15,18,21,24,27,39,40,41,42,44,52,53,56,57,61,62,63,64,65,66,67,68,69,70,71,72,73,75]
[74,2,3,4,5,6,7,8,9,10,11,12,13,14,15,18,21,24,27,39,40,41,42,44,52,53,56,57,61,62,63,64,65,66,67,70,73,75]
[74,2,3,4,5,6,7,8,9,10,11,12,13,14,15,18,21,24,27,28,32,35,61,62,63,64,65,66,67,68,69,70,71,72,73,75]
[74,2,3,4,5,6,7,8,9,10,11,12,13,14,15,18,21,24,27,28,32,35,61,62,63,64,65,66,67,68,69,70,71,72,73,75]
[74,2,3,4,5,6,7,8,9,10,11,12,13,14,15,18,21,24,27,28,32,35,61,62,63,64,65,66,67,68,69,70,71,72,73,75]
[74,2,3,4,5,6,7,8,9,10,11,12,13,14,15,18,21,24,27,28,32,35,61,62,63,64,65,66,67,68,69,70,71,72,73,75]
[74,2,3,4,5,6,7,8,9,10,11,12,13,14,15,18,21,24,27,28,32,35,61,62,63,64,65,66,67,68,69,70,71,72,73,75]
[74,2,3,4,5,6,7,8,9,10,11,12,13,14,15,18,21,24,27,28,32,35,61,62,63,64,65,66,67,68,69,70,71,72,73,75]
[74,2,3,4,5,6,7,8,9,10,11,12,13,14,15,18,21,24,27,28,32,35,61,62,63,64,65,66,67,68,69,70,71,72,73,75]
[74,2,3,4,5,6,7,8,9,10,11,12,13,14,15,18,21,24,27,28,32,35,61,62,63,64,65,66,67,68,69,70,71,72,73,75]
[74,2,3,4,5,6,7,8,9,10,11,12,13,14,15,18,21,24,27,28,32,35,61,62,63,64,65,66,67,68,69,70,71,72,73,75]
[74,2,3,4,5,6,7,8,9,10,11,12,13,14,15,18,21,24,27,28,32,35,36,37,38,36,61,62,63,64,65,66,67,68,69,70,71,72,73,75]
[74,2,3,4,5,6,7,8,9,10,11,12,13,14,15,18,21,24,27,28,32,35,36,37,38,36,61,62,63,64,65,66,67,68,69,70,71,72,73,75]
[74,2,3,4,5,6,7,8,9,10,11,12,13,14,15,18,21,24,27,28,32,35,36,37,38,36,61,62,63,64,65,66,67,68,69,70,71,72,73,75]
