1. [74,2,3,4,5,6,7,8,9,10,11,12,13,14,15,18,21,24,27,39,40,41,42,43,44,52,53,56,57,61,62,63,64,65,66,67,68,69,70,71,72,73,75]
2. [74,2,3,4,5,6,7,8,9,10,11,12,13,14,15,18,21,24,27,39,40,41,42,44,52,53,56,57,61,62,63,64,65,66,67,68,69,70,71,72,73,75]
3. [74,2,3,4,5,6,7,8,9,10,11,12,13,14,15,18,21,24,27,39,40,41,42,43,44,52,53,56,57,61,62,63,64,65,66,67,70,71,72,73,75]
4. [74,2,3,4,5,6,7,8,9,10,11,12,13,14,15,18,21,24,27,39,40,41,42,43,44,52,53,56,57,61,62,63,64,67,68,69,70,71,72,73,75]
5. [74,2,3,4,5,6,7,8,9,10,11,12,13,14,15,18,21,24,27,39,40,41,42,43,44,52,53,56,57,61,62,63,64,65,66,67,68,69,70,73,75]
6. [74,2,3,4,5,6,7,8,9,10,11,12,13,14,15,18,21,24,27,39,40,41,42,43,44,52,53,56,57,61,64,65,66,67,68,69,70,71,72,73,75]
7. [74,2,3,4,5,6,7,8,9,10,11,12,13,14,15,18,21,24,27,39,40,41,42,44,52,53,56,57,61,62,63,64,65,66,67,68,69,70,73,75]
8. [74,2,3,4,5,6,7,8,9,10,11,12,13,14,15,18,21,24,27,39,40,41,42,44,52,53,56,57,61,62,63,64,65,66,67,70,71,72,73,75]
9. [74,2,3,4,5,6,7,8,9,10,11,12,13,14,15,18,21,24,27,39,40,41,42,44,52,53,56,57,61,62,63,64,67,68,69,70,71,72,73,75]
10. [74,2,3,4,5,6,7,8,9,10,11,12,13,14,15,18,21,24,27,39,40,41,42,44,52,53,56,57,61,64,65,66,67,68,69,70,71,72,73,75]
11. [74,2,3,4,5,6,7,8,9,10,11,12,13,14,15,18,21,24,27,39,40,41,42,43,44,52,53,56,57,61,64,67,68,69,70,71,72,73,75]
12. [74,2,3,4,5,6,7,8,9,10,11,12,13,14,15,18,21,24,27,39,40,41,42,43,44,52,53,56,57,61,64,65,66,67,70,71,72,73,75]
13. [74,2,3,4,5,6,7,8,9,10,11,12,13,14,15,18,21,24,27,39,40,41,42,43,44,52,53,56,57,61,62,63,64,65,66,67,70,73,75]
14. [74,2,3,4,5,6,7,8,9,10,11,12,13,14,15,18,21,24,27,39,40,41,42,43,44,52,53,56,57,61,62,63,64,67,68,69,70,73,75]
15. [74,2,3,4,5,6,7,8,9,10,11,12,13,14,15,18,21,24,27,39,40,41,42,43,44,52,53,56,57,61,64,65,66,67,68,69,70,73,75]
16. [74,2,3,4,5,6,7,8,9,10,11,12,13,14,15,18,21,24,27,39,40,41,42,43,44,52,53,56,57,61,62,63,64,67,70,71,72,73,75]
17. [74,2,3,4,5,6,7,8,9,10,11,12,13,14,15,18,21,24,27,39,40,41,42,44,52,53,56,57,61,64,65,66,67,68,69,70,73,75]
18. [74,2,3,4,5,6,7,8,9,10,11,12,13,14,15,18,21,24,27,39,40,41,42,44,52,53,56,57,61,64,65,66,67,70,71,72,73,75]
19. [74,2,3,4,5,6,7,8,9,10,11,12,13,14,15,18,21,24,27,39,40,41,42,44,52,53,56,57,61,64,67,68,69,70,71,72,73,75]
20. [74,2,3,4,5,6,7,8,9,10,11,12,13,14,15,18,21,24,27,39,40,41,42,44,52,53,56,57,61,62,63,64,67,68,69,70,73,75]
21. [74,2,3,4,5,6,7,8,9,10,11,12,13,14,15,18,21,24,27,39,40,41,42,44,52,53,56,57,61,62,63,64,67,70,71,72,73,75]
22. [74,2,3,4,5,6,7,8,9,10,11,12,13,14,15,18,21,24,27,39,40,53,56,57,61,62,63,64,65,66,67,68,69,70,71,72,73,75]
23. [74,2,3,4,5,6,7,8,9,10,11,12,13,14,15,18,21,24,27,39,40,41,42,44,52,53,56,57,61,62,63,64,65,66,67,70,73,75]
24. [74,2,3,4,5,6,7,8,9,10,11,12,13,14,15,18,21,24,27,39,40,41,42,43,44,52,53,56,57,61,62,63,64,67,70,73,75]
25. [74,2,3,4,5,6,7,8,9,10,11,12,13,14,15,18,21,24,27,39,40,41,42,43,44,52,53,56,57,61,64,65,66,67,70,73,75]
26. [74,2,3,4,5,6,7,8,9,10,11,12,13,14,15,18,21,24,27,28,32,35,36,61,62,63,64,65,66,67,68,69,70,71,72,73,75]
27. [74,2,3,4,5,6,7,8,9,10,11,12,13,14,15,18,21,24,27,39,40,41,42,43,44,52,53,56,57,61,64,67,70,71,72,73,75]
28. [74,2,3,4,5,6,7,8,9,10,11,12,13,14,15,18,21,24,27,39,40,41,42,43,44,52,53,56,57,61,64,67,68,69,70,73,75]
29. [74,2,3,4,5,6,7,8,9,10,11,12,13,14,15,18,21,24,27,39,40,53,56,57,61,64,65,66,67,68,69,70,71,72,73,75]
30. [74,2,3,4,5,6,7,8,9,10,11,12,13,14,15,18,21,24,27,39,40,53,56,57,61,62,63,64,67,68,69,70,71,72,73,75]
31. [74,2,3,4,5,6,7,8,9,10,11,12,13,14,15,18,21,24,27,28,32,35,61,62,63,64,65,66,67,68,69,70,71,72,73,75]
32. [74,2,3,4,5,6,7,8,9,10,11,12,13,14,15,18,21,24,27,39,40,41,42,44,52,53,56,57,61,64,67,70,71,72,73,75]
33. [74,2,3,4,5,6,7,8,9,10,11,12,13,14,15,18,21,24,27,39,40,41,42,44,52,53,56,57,61,64,67,68,69,70,73,75]
34. [74,2,3,4,5,6,7,8,9,10,11,12,13,14,15,18,21,24,27,39,40,53,56,57,61,62,63,64,65,66,67,70,71,72,73,75]
35. [74,2,3,4,5,6,7,8,9,10,11,12,13,14,15,18,21,24,27,39,40,53,56,57,61,62,63,64,65,66,67,68,69,70,73,75]
36. [74,2,3,4,5,6,7,8,9,10,11,12,13,14,15,18,21,24,27,39,40,41,42,44,52,53,56,57,61,64,65,66,67,70,73,75]
37. [74,2,3,4,5,6,7,8,9,10,11,12,13,14,15,18,21,24,27,39,40,41,42,44,52,53,56,57,61,62,63,64,67,70,73,75]
38. [74,2,3,4,5,6,7,8,9,10,11,12,13,14,15,18,21,24,27,39,40,41,42,43,44,52,53,56,57,61,64,67,70,73,75]
39. [74,2,3,4,5,6,7,8,9,10,11,12,13,14,15,18,21,24,27,28,32,35,36,61,62,63,64,65,66,67,70,71,72,73,75]
40. [74,2,3,4,5,6,7,8,9,10,11,12,13,14,15,18,21,24,27,28,32,35,36,61,62,63,64,65,66,67,68,69,70,73,75]
41. [74,2,3,4,5,6,7,8,9,10,11,12,13,14,15,18,21,24,27,28,32,35,36,61,62,63,64,67,68,69,70,71,72,73,75]
42. [74,2,3,4,5,6,7,8,9,10,11,12,13,14,15,18,21,24,27,28,32,35,36,61,64,65,66,67,68,69,70,71,72,73,75]
43. [74,2,3,4,5,6,7,8,9,10,11,12,13,14,15,18,21,24,27,28,32,35,61,64,65,66,67,68,69,70,71,72,73,75]
44. [74,2,3,4,5,6,7,8,9,10,11,12,13,14,15,18,21,24,27,28,32,35,61,62,63,64,65,66,67,70,71,72,73,75]
45. [74,2,3,4,5,6,7,8,9,10,11,12,13,14,15,18,21,24,27,28,32,35,61,62,63,64,67,68,69,70,71,72,73,75]
46. [74,2,3,4,5,6,7,8,9,10,11,12,13,14,15,18,21,24,27,28,32,35,61,62,63,64,65,66,67,68,69,70,73,75]
47. [74,2,3,4,5,6,7,8,9,10,11,12,13,14,15,18,21,24,27,39,40,53,56,57,61,64,67,68,69,70,71,72,73,75]
48. [74,2,3,4,5,6,7,8,9,10,11,12,13,14,15,18,21,24,27,39,40,53,56,57,61,64,65,66,67,68,69,70,73,75]
49. [74,2,3,4,5,6,7,8,9,10,11,12,13,14,15,18,21,24,27,39,40,53,56,57,61,64,65,66,67,70,71,72,73,75]
50. [74,2,3,4,5,6,7,8,9,10,11,12,13,14,15,18,21,24,27,39,40,41,42,44,52,53,56,57,61,64,67,70,73,75]
51. [74,2,3,4,5,6,7,8,9,10,11,12,13,14,15,18,21,24,27,39,40,53,56,57,61,62,63,64,67,68,69,70,73,75]
52. [74,2,3,4,5,6,7,8,9,10,11,12,13,14,15,18,21,24,27,39,40,53,56,57,61,62,63,64,67,70,71,72,73,75]
53. [74,2,3,4,5,6,7,8,9,10,11,12,13,14,15,18,21,24,27,39,40,53,56,57,61,62,63,64,65,66,67,70,73,75]
54. [74,2,3,4,5,6,7,8,9,10,11,12,13,14,15,18,21,24,27,28,32,35,36,61,62,63,64,67,68,69,70,73,75]
55. [74,2,3,4,5,6,7,8,9,10,11,12,13,14,15,18,21,24,27,28,32,35,36,61,62,63,64,67,70,71,72,73,75]
56. [74,2,3,4,5,6,7,8,9,10,11,12,13,14,15,18,21,24,27,28,32,35,36,61,62,63,64,65,66,67,70,73,75]
57. [74,2,3,4,5,6,7,8,9,10,11,12,13,14,15,18,21,24,27,28,32,35,36,61,64,67,68,69,70,71,72,73,75]
58. [74,2,3,4,5,6,7,8,9,10,11,12,13,14,15,18,21,24,27,28,32,35,36,61,64,65,66,67,68,69,70,73,75]
59. [74,2,3,4,5,6,7,8,9,10,11,12,13,14,15,18,21,24,27,28,32,35,36,61,64,65,66,67,70,71,72,73,75]
60. [74,2,3,4,5,6,7,8,9,10,11,12,13,14,15,18,21,24,27,28,32,35,61,64,67,68,69,70,71,72,73,75]
61. [74,2,3,4,5,6,7,8,9,10,11,12,13,14,15,18,21,24,27,39,40,41,42,43,44,45,46,47,48,49,50,51]
62. [74,2,3,4,5,6,7,8,9,10,11,12,13,14,15,18,21,24,27,39,40,41,42,43,44,52,53,56,57,58,59,60]
63. [74,2,3,4,5,6,7,8,9,10,11,12,13,14,15,18,21,24,27,28,32,35,61,64,65,66,67,70,71,72,73,75]
64. [74,2,3,4,5,6,7,8,9,10,11,12,13,14,15,18,21,24,27,28,32,35,61,62,63,64,67,70,71,72,73,75]
65. [74,2,3,4,5,6,7,8,9,10,11,12,13,14,15,18,21,24,27,28,32,35,61,64,65,66,67,68,69,70,73,75]
66. [74,2,3,4,5,6,7,8,9,10,11,12,13,14,15,18,21,24,27,28,32,35,61,62,63,64,67,68,69,70,73,75]
67. [74,2,3,4,5,6,7,8,9,10,11,12,13,14,15,18,21,24,27,28,32,35,61,62,63,64,65,66,67,70,73,75]
68. [74,2,3,4,5,6,7,8,9,10,11,12,13,14,15,18,21,24,27,39,40,53,56,57,61,64,65,66,67,70,73,75]
69. [74,2,3,4,5,6,7,8,9,10,11,12,13,14,15,18,21,24,27,39,40,53,56,57,61,62,63,64,67,70,73,75]
70. [74,2,3,4,5,6,7,8,9,10,11,12,13,14,15,18,21,24,27,39,40,53,56,57,61,64,67,68,69,70,73,75]
71. [74,2,3,4,5,6,7,8,9,10,11,12,13,14,15,18,21,24,27,39,40,53,56,57,61,64,67,70,71,72,73,75]
72. [74,2,3,4,5,6,7,8,9,10,11,12,13,14,15,18,21,24,27,39,40,41,42,43,44,45,46,47,48,50,51]
73. [74,2,3,4,5,6,7,8,9,10,11,12,13,14,15,18,21,24,27,39,40,41,42,44,45,46,47,48,49,50,51]
74. [74,2,3,4,5,6,7,8,9,10,11,12,13,14,15,18,21,24,27,39,40,41,42,44,52,53,56,57,58,59,60]
75. [74,2,3,4,5,6,7,8,9,10,11,12,13,14,15,18,21,24,27,28,32,35,36,61,62,63,64,67,70,73,75]
76. [74,2,3,4,5,6,7,8,9,10,11,12,13,14,15,18,21,24,27,28,32,35,36,61,64,65,66,67,70,73,75]
77. [74,2,3,4,5,6,7,8,9,10,11,12,13,14,15,18,21,24,27,28,32,35,36,61,64,67,68,69,70,73,75]
78. [74,2,3,4,5,6,7,8,9,10,11,12,13,14,15,18,21,24,27,28,32,35,36,61,64,67,70,71,72,73,75]
79. [16,17,15,18,21,24,27,39,40,41,42,43,44,52,53,56,57,61,62,63,64,65,66,67,68,69,70,71,72,73,75]
80. [74,2,3,4,5,6,7,8,9,10,11,12,13,14,15,18,21,24,27,39,40,41,42,44,45,46,47,48,50,51]
81. [74,2,3,4,5,6,7,8,9,10,11,12,13,14,15,18,21,24,27,28,32,35,61,64,67,70,71,72,73,75]
82. [74,2,3,4,5,6,7,8,9,10,11,12,13,14,15,18,21,24,27,39,40,53,56,57,61,64,67,70,73,75]
83. [74,2,3,4,5,6,7,8,9,10,11,12,13,14,15,18,21,24,27,28,32,35,61,64,67,68,69,70,73,75]
84. [74,2,3,4,5,6,7,8,9,10,11,12,13,14,15,18,21,24,27,28,32,35,61,64,65,66,67,70,73,75]
85. [74,2,3,4,5,6,7,8,9,10,11,12,13,14,15,18,21,24,27,28,32,35,61,62,63,64,67,70,73,75]
86. [16,17,15,18,21,24,27,39,40,41,42,44,52,53,56,57,61,62,63,64,65,66,67,68,69,70,71,72,73,75]
87. [19,20,18,21,24,27,39,40,41,42,43,44,52,53,56,57,61,62,63,64,65,66,67,68,69,70,71,72,73,75]
88. [74,2,3,4,5,6,7,8,9,10,11,12,13,14,15,18,21,24,27,28,32,35,36,61,64,67,70,73,75]
89. [74,2,3,4,5,6,7,8,9,10,11,12,13,14,15,18,21,24,27,39,40,41,42,43,44,52,53,54,55]
90. [22,23,21,24,27,39,40,41,42,43,44,52,53,56,57,61,62,63,64,65,66,67,68,69,70,71,72,73,75]
91. [19,20,18,21,24,27,39,40,41,42,44,52,53,56,57,61,62,63,64,65,66,67,68,69,70,71,72,73,75]
92. [16,17,15,18,21,24,27,39,40,41,42,43,44,52,53,56,57,61,62,63,64,65,66,67,70,71,72,73,75]
93. [16,17,15,18,21,24,27,39,40,41,42,43,44,52,53,56,57,61,62,63,64,65,66,67,68,69,70,73,75]
94. [16,17,15,18,21,24,27,39,40,41,42,43,44,52,53,56,57,61,62,63,64,67,68,69,70,71,72,73,75]
95. [16,17,15,18,21,24,27,39,40,41,42,43,44,52,53,56,57,61,64,65,66,67,68,69,70,71,72,73,75]
96. [74,2,3,4,5,6,7,8,9,10,11,12,13,14,15,18,21,24,27,39,40,41,42,44,52,53,54,55]
97. [74,2,3,4,5,6,7,8,9,10,11,12,13,14,15,18,21,24,27,28,32,35,61,64,67,70,73,75]
98. [16,17,15,18,21,24,27,39,40,41,42,44,52,53,56,57,61,62,63,64,67,68,69,70,71,72,73,75]
99. [16,17,15,18,21,24,27,39,40,41,42,44,52,53,56,57,61,62,63,64,65,66,67,70,71,72,73,75]
100. [16,17,15,18,21,24,27,39,40,41,42,44,52,53,56,57,61,62,63,64,65,66,67,68,69,70,73,75]
101. [16,17,15,18,21,24,27,39,40,41,42,44,52,53,56,57,61,64,65,66,67,68,69,70,71,72,73,75]
102. [25,26,24,27,39,40,41,42,43,44,52,53,56,57,61,62,63,64,65,66,67,68,69,70,71,72,73,75]
103. [22,23,21,24,27,39,40,41,42,44,52,53,56,57,61,62,63,64,65,66,67,68,69,70,71,72,73,75]
104. [19,20,18,21,24,27,39,40,41,42,43,44,52,53,56,57,61,64,65,66,67,68,69,70,71,72,73,75]
105. [19,20,18,21,24,27,39,40,41,42,43,44,52,53,56,57,61,62,63,64,65,66,67,68,69,70,73,75]
106. [19,20,18,21,24,27,39,40,41,42,43,44,52,53,56,57,61,62,63,64,67,68,69,70,71,72,73,75]
107. [19,20,18,21,24,27,39,40,41,42,43,44,52,53,56,57,61,62,63,64,65,66,67,70,71,72,73,75]
108. [74,2,3,4,5,6,7,8,9,10,11,12,13,14,15,18,21,24,27,39,40,53,56,57,58,59,60]
109. [19,20,18,21,24,27,39,40,41,42,44,52,53,56,57,61,62,63,64,65,66,67,68,69,70,73,75]
110. [19,20,18,21,24,27,39,40,41,42,44,52,53,56,57,61,62,63,64,65,66,67,70,71,72,73,75]
111. [19,20,18,21,24,27,39,40,41,42,44,52,53,56,57,61,64,65,66,67,68,69,70,71,72,73,75]
112. [19,20,18,21,24,27,39,40,41,42,44,52,53,56,57,61,62,63,64,67,68,69,70,71,72,73,75]
113. [22,23,21,24,27,39,40,41,42,43,44,52,53,56,57,61,64,65,66,67,68,69,70,71,72,73,75]
114. [25,26,24,27,39,40,41,42,44,52,53,56,57,61,62,63,64,65,66,67,68,69,70,71,72,73,75]
115. [22,23,21,24,27,39,40,41,42,43,44,52,53,56,57,61,62,63,64,67,68,69,70,71,72,73,75]
116. [22,23,21,24,27,39,40,41,42,43,44,52,53,56,57,61,62,63,64,65,66,67,70,71,72,73,75]
117. [22,23,21,24,27,39,40,41,42,43,44,52,53,56,57,61,62,63,64,65,66,67,68,69,70,73,75]
118. [16,17,15,18,21,24,27,39,40,41,42,43,44,52,53,56,57,61,62,63,64,67,70,71,72,73,75]
119. [16,17,15,18,21,24,27,39,40,41,42,43,44,52,53,56,57,61,62,63,64,67,68,69,70,73,75]
120. [16,17,15,18,21,24,27,39,40,41,42,43,44,52,53,56,57,61,64,65,66,67,70,71,72,73,75]
121. [16,17,15,18,21,24,27,39,40,41,42,43,44,52,53,56,57,61,64,65,66,67,68,69,70,73,75]
122. [16,17,15,18,21,24,27,39,40,41,42,43,44,52,53,56,57,61,62,63,64,65,66,67,70,73,75]
123. [16,17,15,18,21,24,27,39,40,41,42,43,44,52,53,56,57,61,64,67,68,69,70,71,72,73,75]
124. [16,17,15,18,21,24,27,39,40,41,42,44,52,53,56,57,61,62,63,64,65,66,67,70,73,75]
125. [16,17,15,18,21,24,27,39,40,53,56,57,61,62,63,64,65,66,67,68,69,70,71,72,73,75]
126. [16,17,15,18,21,24,27,39,40,41,42,44,52,53,56,57,61,62,63,64,67,70,71,72,73,75]
127. [16,17,15,18,21,24,27,39,40,41,42,44,52,53,56,57,61,62,63,64,67,68,69,70,73,75]
128. [16,17,15,18,21,24,27,39,40,41,42,44,52,53,56,57,61,64,67,68,69,70,71,72,73,75]
129. [16,17,15,18,21,24,27,39,40,41,42,44,52,53,56,57,61,64,65,66,67,70,71,72,73,75]
130. [16,17,15,18,21,24,27,39,40,41,42,44,52,53,56,57,61,64,65,66,67,68,69,70,73,75]
131. [22,23,21,24,27,39,40,41,42,44,52,53,56,57,61,62,63,64,65,66,67,68,69,70,73,75]
132. [22,23,21,24,27,39,40,41,42,44,52,53,56,57,61,62,63,64,65,66,67,70,71,72,73,75]
133. [25,26,24,27,39,40,41,42,43,44,52,53,56,57,61,62,63,64,67,68,69,70,71,72,73,75]
134. [25,26,24,27,39,40,41,42,43,44,52,53,56,57,61,62,63,64,65,66,67,70,71,72,73,75]
135. [25,26,24,27,39,40,41,42,43,44,52,53,56,57,61,62,63,64,65,66,67,68,69,70,73,75]
136. [25,26,24,27,39,40,41,42,43,44,52,53,56,57,61,64,65,66,67,68,69,70,71,72,73,75]
137. [45,46,47,48,49,50,51,44,52,53,56,57,61,62,63,64,65,66,67,68,69,70,71,72,73,75]
138. [22,23,21,24,27,39,40,41,42,44,52,53,56,57,61,64,65,66,67,68,69,70,71,72,73,75]
139. [22,23,21,24,27,39,40,41,42,44,52,53,56,57,61,62,63,64,67,68,69,70,71,72,73,75]
140. [19,20,18,21,24,27,39,40,41,42,43,44,52,53,56,57,61,62,63,64,65,66,67,70,73,75]
141. [19,20,18,21,24,27,39,40,41,42,43,44,52,53,56,57,61,62,63,64,67,70,71,72,73,75]
142. [19,20,18,21,24,27,39,40,41,42,43,44,52,53,56,57,61,62,63,64,67,68,69,70,73,75]
143. [19,20,18,21,24,27,39,40,41,42,43,44,52,53,56,57,61,64,65,66,67,68,69,70,73,75]
144. [19,20,18,21,24,27,39,40,41,42,43,44,52,53,56,57,61,64,67,68,69,70,71,72,73,75]
145. [19,20,18,21,24,27,39,40,41,42,43,44,52,53,56,57,61,64,65,66,67,70,71,72,73,75]
146. [74,2,3,4,5,6,7,8,9,10,11,12,13,14,15,18,21,24,27,28,32,35,36,37,38]
147. [19,20,18,21,24,27,39,40,41,42,44,52,53,56,57,61,62,63,64,65,66,67,70,73,75]
148. [19,20,18,21,24,27,39,40,41,42,44,52,53,56,57,61,62,63,64,67,70,71,72,73,75]
149. [19,20,18,21,24,27,39,40,41,42,44,52,53,56,57,61,62,63,64,67,68,69,70,73,75]
150. [16,17,15,18,21,24,27,39,40,41,42,43,44,52,53,56,57,61,64,67,70,71,72,73,75]
151. [16,17,15,18,21,24,27,39,40,41,42,43,44,52,53,56,57,61,64,67,68,69,70,73,75]
152. [16,17,15,18,21,24,27,39,40,41,42,43,44,52,53,56,57,61,64,65,66,67,70,73,75]
153. [16,17,15,18,21,24,27,39,40,41,42,43,44,52,53,56,57,61,62,63,64,67,70,73,75]
154. [25,26,24,27,39,40,41,42,44,52,53,56,57,61,64,65,66,67,68,69,70,71,72,73,75]
155. [25,26,24,27,39,40,41,42,44,52,53,56,57,61,62,63,64,67,68,69,70,71,72,73,75]
156. [45,46,47,48,50,51,44,52,53,56,57,61,62,63,64,65,66,67,68,69,70,71,72,73,75]
157. [25,26,24,27,39,40,41,42,44,52,53,56,57,61,62,63,64,65,66,67,70,71,72,73,75]
158. [25,26,24,27,39,40,41,42,44,52,53,56,57,61,62,63,64,65,66,67,68,69,70,73,75]
159. [22,23,21,24,27,39,40,41,42,43,44,52,53,56,57,61,64,67,68,69,70,71,72,73,75]
160. [19,20,18,21,24,27,39,40,41,42,44,52,53,56,57,61,64,67,68,69,70,71,72,73,75]
161. [19,20,18,21,24,27,39,40,41,42,44,52,53,56,57,61,64,65,66,67,70,71,72,73,75]
162. [19,20,18,21,24,27,39,40,41,42,44,52,53,56,57,61,64,65,66,67,68,69,70,73,75]
163. [19,20,18,21,24,27,39,40,53,56,57,61,62,63,64,65,66,67,68,69,70,71,72,73,75]
164. [22,23,21,24,27,39,40,41,42,43,44,52,53,56,57,61,62,63,64,67,68,69,70,73,75]
165. [22,23,21,24,27,39,40,41,42,43,44,52,53,56,57,61,62,63,64,65,66,67,70,73,75]
166. [22,23,21,24,27,39,40,41,42,43,44,52,53,56,57,61,62,63,64,67,70,71,72,73,75]
167. [22,23,21,24,27,39,40,41,42,43,44,52,53,56,57,61,64,65,66,67,70,71,72,73,75]
168. [22,23,21,24,27,39,40,41,42,43,44,52,53,56,57,61,64,65,66,67,68,69,70,73,75]
169. [16,17,15,18,21,24,27,28,32,35,36,61,62,63,64,65,66,67,68,69,70,71,72,73,75]
170. [74,2,3,4,5,6,7,8,9,10,11,12,13,14,15,18,21,24,27,39,40,53,54,55]
171. [19,20,18,21,24,27,39,40,41,42,43,44,52,53,56,57,61,64,67,68,69,70,73,75]
172. [19,20,18,21,24,27,39,40,41,42,43,44,52,53,56,57,61,64,65,66,67,70,73,75]
173. [19,20,18,21,24,27,39,40,41,42,43,44,52,53,56,57,61,64,67,70,71,72,73,75]
174. [19,20,18,21,24,27,28,32,35,36,61,62,63,64,65,66,67,68,69,70,71,72,73,75]
175. [19,20,18,21,24,27,39,40,41,42,43,44,52,53,56,57,61,62,63,64,67,70,73,75]
176. [25,26,24,27,39,40,41,42,43,44,52,53,56,57,61,64,65,66,67,70,71,72,73,75]
177. [25,26,24,27,39,40,41,42,43,44,52,53,56,57,61,64,67,68,69,70,71,72,73,75]
178. [25,26,24,27,39,40,41,42,43,44,52,53,56,57,61,64,65,66,67,68,69,70,73,75]
179. [25,26,24,27,39,40,41,42,43,44,52,53,56,57,61,62,63,64,67,70,71,72,73,75]
180. [25,26,24,27,39,40,41,42,43,44,52,53,56,57,61,62,63,64,67,68,69,70,73,75]
181. [25,26,24,27,39,40,41,42,43,44,52,53,56,57,61,62,63,64,65,66,67,70,73,75]
182. [45,46,47,48,49,50,51,44,52,53,56,57,61,62,63,64,67,68,69,70,71,72,73,75]
183. [45,46,47,48,49,50,51,44,52,53,56,57,61,64,65,66,67,68,69,70,71,72,73,75]
184. [45,46,47,48,49,50,51,44,52,53,56,57,61,62,63,64,65,66,67,70,71,72,73,75]
185. [45,46,47,48,49,50,51,44,52,53,56,57,61,62,63,64,65,66,67,68,69,70,73,75]
186. [22,23,21,24,27,39,40,41,42,44,52,53,56,57,61,62,63,64,65,66,67,70,73,75]
187. [22,23,21,24,27,39,40,41,42,44,52,53,56,57,61,62,63,64,67,68,69,70,73,75]
188. [22,23,21,24,27,39,40,41,42,44,52,53,56,57,61,64,65,66,67,68,69,70,73,75]
189. [22,23,21,24,27,39,40,41,42,44,52,53,56,57,61,64,65,66,67,70,71,72,73,75]
190. [22,23,21,24,27,39,40,41,42,44,52,53,56,57,61,62,63,64,67,70,71,72,73,75]
191. [22,23,21,24,27,39,40,41,42,44,52,53,56,57,61,64,67,68,69,70,71,72,73,75]
192. [22,23,21,24,27,39,40,53,56,57,61,62,63,64,65,66,67,68,69,70,71,72,73,75]
193. [16,17,15,18,21,24,27,39,40,53,56,57,61,62,63,64,65,66,67,68,69,70,73,75]
194. [16,17,15,18,21,24,27,39,40,41,42,44,52,53,56,57,61,64,67,70,71,72,73,75]
195. [16,17,15,18,21,24,27,39,40,41,42,44,52,53,56,57,61,64,67,68,69,70,73,75]
196. [16,17,15,18,21,24,27,39,40,53,56,57,61,62,63,64,65,66,67,70,71,72,73,75]
197. [16,17,15,18,21,24,27,39,40,53,56,57,61,64,65,66,67,68,69,70,71,72,73,75]
198. [16,17,15,18,21,24,27,39,40,53,56,57,61,62,63,64,67,68,69,70,71,72,73,75]
199. [16,17,15,18,21,24,27,39,40,41,42,44,52,53,56,57,61,62,63,64,67,70,73,75]
200. [16,17,15,18,21,24,27,39,40,41,42,44,52,53,56,57,61,64,65,66,67,70,73,75]
201. [16,17,15,18,21,24,27,28,32,35,61,62,63,64,65,66,67,68,69,70,71,72,73,75]
202. [74,2,3,4,5,6,7,8,9,10,11,12,13,14,15,18,21,24,27,28,32,33,34]
203. [74,2,3,4,5,6,7,8,9,10,11,12,13,14,15,18,21,24,27,28,29,30,31]
204. [22,23,21,24,27,39,40,41,42,43,44,52,53,56,57,61,62,63,64,67,70,73,75]
205. [22,23,21,24,27,39,40,41,42,43,44,52,53,56,57,61,64,67,68,69,70,73,75]
206. [22,23,21,24,27,39,40,41,42,43,44,52,53,56,57,61,64,67,70,71,72,73,75]
207. [22,23,21,24,27,39,40,41,42,43,44,52,53,56,57,61,64,65,66,67,70,73,75]
208. [22,23,21,24,27,28,32,35,36,61,62,63,64,65,66,67,68,69,70,71,72,73,75]
209. [19,20,18,21,24,27,39,40,53,56,57,61,62,63,64,65,66,67,68,69,70,73,75]
210. [19,20,18,21,24,27,39,40,53,56,57,61,62,63,64,65,66,67,70,71,72,73,75]
211. [19,20,18,21,24,27,39,40,41,42,44,52,53,56,57,61,64,67,70,71,72,73,75]
212. [19,20,18,21,24,27,39,40,53,56,57,61,62,63,64,67,68,69,70,71,72,73,75]
213. [19,20,18,21,24,27,39,40,53,56,57,61,64,65,66,67,68,69,70,71,72,73,75]
214. [25,26,24,27,39,40,53,56,57,61,62,63,64,65,66,67,68,69,70,71,72,73,75]
215. [45,46,47,48,50,51,44,52,53,56,57,61,64,65,66,67,68,69,70,71,72,73,75]
216. [45,46,47,48,50,51,44,52,53,56,57,61,62,63,64,65,66,67,70,71,72,73,75]
217. [45,46,47,48,50,51,44,52,53,56,57,61,62,63,64,67,68,69,70,71,72,73,75]
218. [45,46,47,48,50,51,44,52,53,56,57,61,62,63,64,65,66,67,68,69,70,73,75]
219. [25,26,24,27,39,40,41,42,44,52,53,56,57,61,64,67,68,69,70,71,72,73,75]
220. [25,26,24,27,39,40,41,42,44,52,53,56,57,61,62,63,64,65,66,67,70,73,75]
221. [25,26,24,27,39,40,41,42,44,52,53,56,57,61,62,63,64,67,68,69,70,73,75]
222. [25,26,24,27,39,40,41,42,44,52,53,56,57,61,64,65,66,67,68,69,70,73,75]
223. [25,26,24,27,39,40,41,42,44,52,53,56,57,61,64,65,66,67,70,71,72,73,75]
224. [25,26,24,27,39,40,41,42,44,52,53,56,57,61,62,63,64,67,70,71,72,73,75]
225. [19,20,18,21,24,27,39,40,41,42,44,52,53,56,57,61,64,67,68,69,70,73,75]
226. [16,17,15,18,21,24,27,39,40,41,42,43,44,52,53,56,57,61,64,67,70,73,75]
227. [16,17,15,18,21,24,27,28,32,35,36,61,62,63,64,65,66,67,68,69,70,73,75]
228. [16,17,15,18,21,24,27,28,32,35,36,61,64,65,66,67,68,69,70,71,72,73,75]
229. [16,17,15,18,21,24,27,28,32,35,36,61,62,63,64,67,68,69,70,71,72,73,75]
230. [16,17,15,18,21,24,27,28,32,35,36,61,62,63,64,65,66,67,70,71,72,73,75]
231. [19,20,18,21,24,27,28,32,35,61,62,63,64,65,66,67,68,69,70,71,72,73,75]
232. [19,20,18,21,24,27,39,40,41,42,44,52,53,56,57,61,62,63,64,67,70,73,75]
233. [19,20,18,21,24,27,39,40,41,42,44,52,53,56,57,61,64,65,66,67,70,73,75]
234. [25,26,24,27,28,32,35,36,61,62,63,64,65,66,67,68,69,70,71,72,73,75]
235. [22,23,21,24,27,28,32,35,61,62,63,64,65,66,67,68,69,70,71,72,73,75]
236. [22,23,21,24,27,39,40,53,56,57,61,62,63,64,65,66,67,68,69,70,73,75]
237. [22,23,21,24,27,39,40,53,56,57,61,62,63,64,65,66,67,70,71,72,73,75]
238. [22,23,21,24,27,39,40,41,42,44,52,53,56,57,61,64,67,68,69,70,73,75]
239. [22,23,21,24,27,39,40,41,42,44,52,53,56,57,61,64,67,70,71,72,73,75]
240. [22,23,21,24,27,39,40,53,56,57,61,62,63,64,67,68,69,70,71,72,73,75]
241. [22,23,21,24,27,39,40,53,56,57,61,64,65,66,67,68,69,70,71,72,73,75]
242. [22,23,21,24,27,39,40,41,42,44,52,53,56,57,61,64,65,66,67,70,73,75]
243. [22,23,21,24,27,39,40,41,42,44,52,53,56,57,61,62,63,64,67,70,73,75]
244. [25,26,24,27,39,40,41,42,43,44,52,53,56,57,61,62,63,64,67,70,73,75]
245. [45,46,47,48,49,50,51,44,52,53,56,57,61,64,65,66,67,68,69,70,73,75]
246. [45,46,47,48,49,50,51,44,52,53,56,57,61,62,63,64,67,70,71,72,73,75]
247. [45,46,47,48,49,50,51,44,52,53,56,57,61,62,63,64,67,68,69,70,73,75]
248. [45,46,47,48,49,50,51,44,52,53,56,57,61,64,65,66,67,70,71,72,73,75]
249. [45,46,47,48,49,50,51,44,52,53,56,57,61,64,67,68,69,70,71,72,73,75]
250. [45,46,47,48,49,50,51,44,52,53,56,57,61,62,63,64,65,66,67,70,73,75]
251. [25,26,24,27,39,40,41,42,43,44,52,53,56,57,61,64,67,68,69,70,73,75]
252. [25,26,24,27,39,40,41,42,43,44,52,53,56,57,61,64,65,66,67,70,73,75]
253. [25,26,24,27,39,40,41,42,43,44,52,53,56,57,61,64,67,70,71,72,73,75]
254. [16,17,15,18,21,24,27,39,40,53,56,57,61,62,63,64,67,68,69,70,73,75]
255. [16,17,15,18,21,24,27,39,40,53,56,57,61,62,63,64,65,66,67,70,73,75]
256. [16,17,15,18,21,24,27,39,40,53,56,57,61,62,63,64,67,70,71,72,73,75]
257. [16,17,15,18,21,24,27,39,40,53,56,57,61,64,65,66,67,70,71,72,73,75]
258. [16,17,15,18,21,24,27,39,40,53,56,57,61,64,67,68,69,70,71,72,73,75]
259. [16,17,15,18,21,24,27,39,40,53,56,57,61,64,65,66,67,68,69,70,73,75]
260. [16,17,15,18,21,24,27,39,40,41,42,44,52,53,56,57,61,64,67,70,73,75]
261. [16,17,15,18,21,24,27,28,32,35,61,62,63,64,65,66,67,68,69,70,73,75]
262. [16,17,15,18,21,24,27,28,32,35,61,62,63,64,65,66,67,70,71,72,73,75]
263. [16,17,15,18,21,24,27,28,32,35,61,64,65,66,67,68,69,70,71,72,73,75]
264. [16,17,15,18,21,24,27,28,32,35,61,62,63,64,67,68,69,70,71,72,73,75]
265. [19,20,18,21,24,27,39,40,41,42,43,44,52,53,56,57,61,64,67,70,73,75]
266. [19,20,18,21,24,27,28,32,35,36,61,62,63,64,65,66,67,70,71,72,73,75]
267. [19,20,18,21,24,27,28,32,35,36,61,62,63,64,67,68,69,70,71,72,73,75]
268. [19,20,18,21,24,27,28,32,35,36,61,62,63,64,65,66,67,68,69,70,73,75]
269. [19,20,18,21,24,27,28,32,35,36,61,64,65,66,67,68,69,70,71,72,73,75]
270. [16,17,15,18,21,24,27,28,32,35,36,61,62,63,64,65,66,67,70,73,75]
271. [16,17,15,18,21,24,27,28,32,35,36,61,64,65,66,67,68,69,70,73,75]
272. [16,17,15,18,21,24,27,28,32,35,36,61,62,63,64,67,70,71,72,73,75]
273. [16,17,15,18,21,24,27,28,32,35,36,61,62,63,64,67,68,69,70,73,75]
274. [16,17,15,18,21,24,27,28,32,35,36,61,64,65,66,67,70,71,72,73,75]
275. [16,17,15,18,21,24,27,28,32,35,36,61,64,67,68,69,70,71,72,73,75]
276. [25,26,24,27,39,40,41,42,44,52,53,56,57,61,62,63,64,67,70,73,75]
277. [25,26,24,27,39,40,41,42,44,52,53,56,57,61,64,67,68,69,70,73,75]
278. [25,26,24,27,39,40,41,42,44,52,53,56,57,61,64,65,66,67,70,73,75]
279. [25,26,24,27,28,32,35,61,62,63,64,65,66,67,68,69,70,71,72,73,75]
280. [25,26,24,27,39,40,41,42,44,52,53,56,57,61,64,67,70,71,72,73,75]
281. [25,26,24,27,39,40,53,56,57,61,62,63,64,67,68,69,70,71,72,73,75]
282. [25,26,24,27,39,40,53,56,57,61,64,65,66,67,68,69,70,71,72,73,75]
283. [25,26,24,27,39,40,53,56,57,61,62,63,64,65,66,67,70,71,72,73,75]
284. [25,26,24,27,39,40,53,56,57,61,62,63,64,65,66,67,68,69,70,73,75]
285. [45,46,47,48,50,51,44,52,53,56,57,61,64,67,68,69,70,71,72,73,75]
286. [45,46,47,48,50,51,44,52,53,56,57,61,64,65,66,67,70,71,72,73,75]
287. [45,46,47,48,50,51,44,52,53,56,57,61,62,63,64,65,66,67,70,73,75]
288. [45,46,47,48,50,51,44,52,53,56,57,61,64,65,66,67,68,69,70,73,75]
289. [45,46,47,48,50,51,44,52,53,56,57,61,62,63,64,67,70,71,72,73,75]
290. [45,46,47,48,50,51,44,52,53,56,57,61,62,63,64,67,68,69,70,73,75]
291. [29,30,31,28,32,35,36,61,62,63,64,65,66,67,68,69,70,71,72,73,75]
292. [19,20,18,21,24,27,39,40,41,42,44,52,53,56,57,61,64,67,70,73,75]
293. [19,20,18,21,24,27,28,32,35,61,62,63,64,65,66,67,68,69,70,73,75]
294. [19,20,18,21,24,27,28,32,35,61,62,63,64,65,66,67,70,71,72,73,75]
295. [19,20,18,21,24,27,28,32,35,61,62,63,64,67,68,69,70,71,72,73,75]
296. [19,20,18,21,24,27,28,32,35,61,64,65,66,67,68,69,70,71,72,73,75]
297. [22,23,21,24,27,28,32,35,36,61,62,63,64,65,66,67,70,71,72,73,75]
298. [22,23,21,24,27,28,32,35,36,61,62,63,64,67,68,69,70,71,72,73,75]
299. [22,23,21,24,27,28,32,35,36,61,62,63,64,65,66,67,68,69,70,73,75]
300. [22,23,21,24,27,28,32,35,36,61,64,65,66,67,68,69,70,71,72,73,75]
301. [22,23,21,24,27,39,40,41,42,43,44,52,53,56,57,61,64,67,70,73,75]
302. [19,20,18,21,24,27,39,40,53,56,57,61,62,63,64,67,70,71,72,73,75]
303. [19,20,18,21,24,27,39,40,53,56,57,61,62,63,64,67,68,69,70,73,75]
304. [19,20,18,21,24,27,39,40,53,56,57,61,62,63,64,65,66,67,70,73,75]
305. [19,20,18,21,24,27,39,40,53,56,57,61,64,65,66,67,68,69,70,73,75]
306. [19,20,18,21,24,27,39,40,53,56,57,61,64,67,68,69,70,71,72,73,75]
307. [19,20,18,21,24,27,39,40,53,56,57,61,64,65,66,67,70,71,72,73,75]
308. [16,17,15,18,21,24,27,39,40,53,56,57,61,62,63,64,67,70,73,75]
309. [16,17,15,18,21,24,27,39,40,53,56,57,61,64,65,66,67,70,73,75]
310. [16,17,15,18,21,24,27,39,40,53,56,57,61,64,67,70,71,72,73,75]
311. [16,17,15,18,21,24,27,39,40,53,56,57,61,64,67,68,69,70,73,75]
312. [16,17,15,18,21,24,27,39,40,41,42,43,44,52,53,56,57,58,59,60]
313. [16,17,15,18,21,24,27,28,32,35,61,64,67,68,69,70,71,72,73,75]
314. [16,17,15,18,21,24,27,39,40,41,42,43,44,45,46,47,48,49,50,51]
315. [16,17,15,18,21,24,27,28,32,35,61,64,65,66,67,70,71,72,73,75]
316. [16,17,15,18,21,24,27,28,32,35,61,62,63,64,65,66,67,70,73,75]
317. [16,17,15,18,21,24,27,28,32,35,61,64,65,66,67,68,69,70,73,75]
318. [16,17,15,18,21,24,27,28,32,35,61,62,63,64,67,70,71,72,73,75]
319. [16,17,15,18,21,24,27,28,32,35,61,62,63,64,67,68,69,70,73,75]
320. [74,2,3,4,5,6,7,8,9,10,11,12,13,14,15,18,21,24,25,26]
321. [29,30,31,28,32,35,61,62,63,64,65,66,67,68,69,70,71,72,73,75]
322. [25,26,24,27,28,32,35,36,61,62,63,64,65,66,67,70,71,72,73,75]
323. [25,26,24,27,28,32,35,36,61,62,63,64,67,68,69,70,71,72,73,75]
324. [25,26,24,27,28,32,35,36,61,64,65,66,67,68,69,70,71,72,73,75]
325. [25,26,24,27,28,32,35,36,61,62,63,64,65,66,67,68,69,70,73,75]
326. [25,26,24,27,39,40,41,42,43,44,52,53,56,57,61,64,67,70,73,75]
327. [45,46,47,48,49,50,51,44,52,53,56,57,61,62,63,64,67,70,73,75]
328. [45,46,47,48,49,50,51,44,52,53,56,57,61,64,67,68,69,70,73,75]
329. [45,46,47,48,49,50,51,44,52,53,56,57,61,64,67,70,71,72,73,75]
330. [45,46,47,48,49,50,51,44,52,53,56,57,61,64,65,66,67,70,73,75]
331. [19,20,18,21,24,27,28,32,35,36,61,64,67,68,69,70,71,72,73,75]
332. [19,20,18,21,24,27,28,32,35,36,61,62,63,64,65,66,67,70,73,75]
333. [19,20,18,21,24,27,28,32,35,36,61,64,65,66,67,68,69,70,73,75]
334. [19,20,18,21,24,27,28,32,35,36,61,64,65,66,67,70,71,72,73,75]
335. [19,20,18,21,24,27,28,32,35,36,61,62,63,64,67,68,69,70,73,75]
336. [19,20,18,21,24,27,28,32,35,36,61,62,63,64,67,70,71,72,73,75]
337. [22,23,21,24,27,39,40,53,56,57,61,64,65,66,67,68,69,70,73,75]
338. [22,23,21,24,27,39,40,53,56,57,61,64,65,66,67,70,71,72,73,75]
339. [22,23,21,24,27,39,40,53,56,57,61,62,63,64,67,68,69,70,73,75]
340. [22,23,21,24,27,39,40,53,56,57,61,62,63,64,67,70,71,72,73,75]
341. [22,23,21,24,27,39,40,53,56,57,61,64,67,68,69,70,71,72,73,75]
342. [22,23,21,24,27,39,40,53,56,57,61,62,63,64,65,66,67,70,73,75]
343. [22,23,21,24,27,39,40,41,42,44,52,53,56,57,61,64,67,70,73,75]
344. [22,23,21,24,27,28,32,35,61,62,63,64,65,66,67,70,71,72,73,75]
345. [22,23,21,24,27,28,32,35,61,62,63,64,67,68,69,70,71,72,73,75]
346. [22,23,21,24,27,28,32,35,61,62,63,64,65,66,67,68,69,70,73,75]
347. [22,23,21,24,27,28,32,35,61,64,65,66,67,68,69,70,71,72,73,75]
348. [16,17,15,18,21,24,27,39,40,41,42,43,44,45,46,47,48,50,51]
349. [16,17,15,18,21,24,27,28,32,35,36,61,62,63,64,67,70,73,75]
350. [16,17,15,18,21,24,27,28,32,35,36,61,64,65,66,67,70,73,75]
351. [16,17,15,18,21,24,27,28,32,35,36,61,64,67,70,71,72,73,75]
352. [16,17,15,18,21,24,27,28,32,35,36,61,64,67,68,69,70,73,75]
353. [16,17,15,18,21,24,27,39,40,41,42,44,45,46,47,48,49,50,51]
354. [19,20,18,21,24,27,28,32,35,61,62,63,64,65,66,67,70,73,75]
355. [19,20,18,21,24,27,28,32,35,61,62,63,64,67,68,69,70,73,75]
356. [19,20,18,21,24,27,28,32,35,61,64,65,66,67,70,71,72,73,75]
357. [19,20,18,21,24,27,28,32,35,61,64,67,68,69,70,71,72,73,75]
358. [19,20,18,21,24,27,28,32,35,61,64,65,66,67,68,69,70,73,75]
359. [19,20,18,21,24,27,28,32,35,61,62,63,64,67,70,71,72,73,75]
360. [16,17,15,18,21,24,27,39,40,41,42,44,52,53,56,57,58,59,60]
361. [74,2,3,4,5,6,7,8,9,10,11,12,13,14,15,18,21,22,23]
362. [19,20,18,21,24,27,39,40,41,42,43,44,45,46,47,48,49,50,51]
363. [25,26,24,27,39,40,53,56,57,61,64,65,66,67,70,71,72,73,75]
364. [25,26,24,27,39,40,53,56,57,61,64,67,68,69,70,71,72,73,75]
365. [25,26,24,27,39,40,53,56,57,61,64,65,66,67,68,69,70,73,75]
366. [25,26,24,27,39,40,53,56,57,61,62,63,64,67,70,71,72,73,75]
367. [33,34,32,35,36,61,62,63,64,65,66,67,68,69,70,71,72,73,75]
368. [29,30,31,28,32,35,36,61,64,65,66,67,68,69,70,71,72,73,75]
369. [29,30,31,28,32,35,36,61,62,63,64,67,68,69,70,71,72,73,75]
370. [29,30,31,28,32,35,36,61,62,63,64,65,66,67,68,69,70,73,75]
371. [29,30,31,28,32,35,36,61,62,63,64,65,66,67,70,71,72,73,75]
372. [54,55,53,56,57,61,62,63,64,65,66,67,68,69,70,71,72,73,75]
373. [45,46,47,48,50,51,44,52,53,56,57,61,62,63,64,67,70,73,75]
374. [45,46,47,48,50,51,44,52,53,56,57,61,64,65,66,67,70,73,75]
375. [45,46,47,48,50,51,44,52,53,56,57,61,64,67,70,71,72,73,75]
376. [45,46,47,48,50,51,44,52,53,56,57,61,64,67,68,69,70,73,75]
377. [25,26,24,27,39,40,53,56,57,61,62,63,64,67,68,69,70,73,75]
378. [22,23,21,24,27,28,32,35,36,61,64,65,66,67,70,71,72,73,75]
379. [22,23,21,24,27,28,32,35,36,61,64,67,68,69,70,71,72,73,75]
380. [22,23,21,24,27,28,32,35,36,61,64,65,66,67,68,69,70,73,75]
381. [22,23,21,24,27,28,32,35,36,61,62,63,64,67,70,71,72,73,75]
382. [22,23,21,24,27,28,32,35,36,61,62,63,64,67,68,69,70,73,75]
383. [22,23,21,24,27,28,32,35,36,61,62,63,64,65,66,67,70,73,75]
384. [19,20,18,21,24,27,39,40,53,56,57,61,64,67,68,69,70,73,75]
385. [19,20,18,21,24,27,39,40,53,56,57,61,64,67,70,71,72,73,75]
386. [19,20,18,21,24,27,39,40,53,56,57,61,64,65,66,67,70,73,75]
387. [19,20,18,21,24,27,39,40,53,56,57,61,62,63,64,67,70,73,75]
388. [19,20,18,21,24,27,39,40,41,42,43,44,52,53,56,57,58,59,60]
389. [25,26,24,27,39,40,53,56,57,61,62,63,64,65,66,67,70,73,75]
390. [25,26,24,27,39,40,41,42,44,52,53,56,57,61,64,67,70,73,75]
391. [25,26,24,27,28,32,35,61,62,63,64,65,66,67,68,69,70,73,75]
392. [25,26,24,27,28,32,35,61,62,63,64,65,66,67,70,71,72,73,75]
393. [25,26,24,27,28,32,35,61,62,63,64,67,68,69,70,71,72,73,75]
394. [25,26,24,27,28,32,35,61,64,65,66,67,68,69,70,71,72,73,75]
395. [16,17,15,18,21,24,27,39,40,53,56,57,61,64,67,70,73,75]
396. [16,17,15,18,21,24,27,39,40,41,42,44,45,46,47,48,50,51]
397. [16,17,15,18,21,24,27,28,32,35,61,62,63,64,67,70,73,75]
398. [16,17,15,18,21,24,27,28,32,35,61,64,67,70,71,72,73,75]
399. [16,17,15,18,21,24,27,28,32,35,61,64,67,68,69,70,73,75]
400. [16,17,15,18,21,24,27,28,32,35,61,64,65,66,67,70,73,75]
401. [19,20,18,21,24,27,39,40,41,42,43,44,45,46,47,48,50,51]
402. [19,20,18,21,24,27,39,40,41,42,44,52,53,56,57,58,59,60]
403. [19,20,18,21,24,27,39,40,41,42,44,45,46,47,48,49,50,51]
404. [19,20,18,21,24,27,28,32,35,36,61,64,65,66,67,70,73,75]
405. [19,20,18,21,24,27,28,32,35,36,61,62,63,64,67,70,73,75]
406. [19,20,18,21,24,27,28,32,35,36,61,64,67,68,69,70,73,75]
407. [19,20,18,21,24,27,28,32,35,36,61,64,67,70,71,72,73,75]
408. [74,2,3,4,5,6,7,8,9,10,11,12,13,14,15,18,19,20]
409. [33,34,32,35,61,62,63,64,65,66,67,68,69,70,71,72,73,75]
410. [29,30,31,28,32,35,61,62,63,64,67,68,69,70,71,72,73,75]
411. [29,30,31,28,32,35,61,64,65,66,67,68,69,70,71,72,73,75]
412. [29,30,31,28,32,35,61,62,63,64,65,66,67,70,71,72,73,75]
413. [29,30,31,28,32,35,61,62,63,64,65,66,67,68,69,70,73,75]
414. [58,59,60,57,61,62,63,64,65,66,67,68,69,70,71,72,73,75]
415. [45,46,47,48,49,50,51,44,52,53,56,57,61,64,67,70,73,75]
416. [22,23,21,24,27,39,40,53,56,57,61,62,63,64,67,70,73,75]
417. [22,23,21,24,27,39,40,53,56,57,61,64,65,66,67,70,73,75]
418. [22,23,21,24,27,39,40,53,56,57,61,64,67,70,71,72,73,75]
419. [22,23,21,24,27,39,40,53,56,57,61,64,67,68,69,70,73,75]
420. [22,23,21,24,27,28,32,35,61,64,67,68,69,70,71,72,73,75]
421. [22,23,21,24,27,39,40,41,42,43,44,45,46,47,48,49,50,51]
422. [22,23,21,24,27,39,40,41,42,43,44,52,53,56,57,58,59,60]
423. [22,23,21,24,27,28,32,35,61,64,65,66,67,70,71,72,73,75]
424. [22,23,21,24,27,28,32,35,61,64,65,66,67,68,69,70,73,75]
425. [22,23,21,24,27,28,32,35,61,62,63,64,67,70,71,72,73,75]
426. [22,23,21,24,27,28,32,35,61,62,63,64,65,66,67,70,73,75]
427. [22,23,21,24,27,28,32,35,61,62,63,64,67,68,69,70,73,75]
428. [25,26,24,27,28,32,35,36,61,64,65,66,67,68,69,70,73,75]
429. [25,26,24,27,28,32,35,36,61,64,65,66,67,70,71,72,73,75]
430. [25,26,24,27,28,32,35,36,61,64,67,68,69,70,71,72,73,75]
431. [25,26,24,27,28,32,35,36,61,62,63,64,67,68,69,70,73,75]
432. [25,26,24,27,28,32,35,36,61,62,63,64,67,70,71,72,73,75]
433. [25,26,24,27,28,32,35,36,61,62,63,64,65,66,67,70,73,75]
434. [16,17,15,18,21,24,27,39,40,41,42,43,44,52,53,54,55]
435. [19,20,18,21,24,27,28,32,35,61,62,63,64,67,70,73,75]
436. [22,23,21,24,27,28,32,35,36,61,64,65,66,67,70,73,75]
437. [22,23,21,24,27,28,32,35,36,61,62,63,64,67,70,73,75]
438. [19,20,18,21,24,27,39,40,53,56,57,61,64,67,70,73,75]
439. [19,20,18,21,24,27,28,32,35,61,64,67,68,69,70,73,75]
440. [19,20,18,21,24,27,28,32,35,61,64,67,70,71,72,73,75]
441. [19,20,18,21,24,27,28,32,35,61,64,65,66,67,70,73,75]
442. [19,20,18,21,24,27,39,40,41,42,44,45,46,47,48,50,51]
443. [74,2,3,4,5,6,7,8,9,10,11,12,13,14,15,16,17]
444. [16,17,15,18,21,24,27,28,32,35,36,61,64,67,70,73,75]
445. [22,23,21,24,27,28,32,35,36,61,64,67,68,69,70,73,75]
446. [54,55,53,56,57,61,62,63,64,65,66,67,68,69,70,73,75]
447. [54,55,53,56,57,61,64,65,66,67,68,69,70,71,72,73,75]
448. [54,55,53,56,57,61,62,63,64,65,66,67,70,71,72,73,75]
449. [54,55,53,56,57,61,62,63,64,67,68,69,70,71,72,73,75]
450. [45,46,47,48,50,51,44,52,53,56,57,61,64,67,70,73,75]
451. [22,23,21,24,27,39,40,41,42,44,52,53,56,57,58,59,60]
452. [22,23,21,24,27,39,40,41,42,44,45,46,47,48,49,50,51]
453. [22,23,21,24,27,28,32,35,36,61,64,67,70,71,72,73,75]
454. [22,23,21,24,27,39,40,41,42,43,44,45,46,47,48,50,51]
455. [29,30,31,28,32,35,36,61,62,63,64,65,66,67,70,73,75]
456. [29,30,31,28,32,35,36,61,64,65,66,67,68,69,70,73,75]
457. [29,30,31,28,32,35,36,61,64,65,66,67,70,71,72,73,75]
458. [29,30,31,28,32,35,36,61,62,63,64,67,70,71,72,73,75]
459. [29,30,31,28,32,35,36,61,62,63,64,67,68,69,70,73,75]
460. [29,30,31,28,32,35,36,61,64,67,68,69,70,71,72,73,75]
461. [33,34,32,35,36,61,62,63,64,65,66,67,68,69,70,73,75]
462. [37,38,36,61,62,63,64,65,66,67,68,69,70,71,72,73,75]
463. [33,34,32,35,36,61,64,65,66,67,68,69,70,71,72,73,75]
464. [33,34,32,35,36,61,62,63,64,65,66,67,70,71,72,73,75]
465. [33,34,32,35,36,61,62,63,64,67,68,69,70,71,72,73,75]
466. [25,26,24,27,39,40,53,56,57,61,64,65,66,67,70,73,75]
467. [25,26,24,27,39,40,53,56,57,61,64,67,68,69,70,73,75]
468. [25,26,24,27,39,40,53,56,57,61,62,63,64,67,70,73,75]
469. [25,26,24,27,28,32,35,61,62,63,64,67,70,71,72,73,75]
470. [25,26,24,27,28,32,35,61,64,65,66,67,68,69,70,73,75]
471. [25,26,24,27,28,32,35,61,62,63,64,67,68,69,70,73,75]
472. [25,26,24,27,28,32,35,61,62,63,64,65,66,67,70,73,75]
473. [25,26,24,27,28,32,35,61,64,65,66,67,70,71,72,73,75]
474. [25,26,24,27,39,40,41,42,43,44,52,53,56,57,58,59,60]
475. [25,26,24,27,28,32,35,61,64,67,68,69,70,71,72,73,75]
476. [25,26,24,27,39,40,41,42,43,44,45,46,47,48,49,50,51]
477. [25,26,24,27,39,40,53,56,57,61,64,67,70,71,72,73,75]
478. [19,20,18,21,24,27,39,40,41,42,43,44,52,53,54,55]
479. [19,20,18,21,24,27,28,32,35,36,61,64,67,70,73,75]
480. [22,23,21,24,27,39,40,53,56,57,61,64,67,70,73,75]
481. [22,23,21,24,27,28,32,35,61,64,67,68,69,70,73,75]
482. [22,23,21,24,27,28,32,35,61,64,67,70,71,72,73,75]
483. [22,23,21,24,27,28,32,35,61,64,65,66,67,70,73,75]
484. [22,23,21,24,27,39,40,41,42,44,45,46,47,48,50,51]
485. [22,23,21,24,27,28,32,35,61,62,63,64,67,70,73,75]
486. [16,17,15,18,21,24,27,39,40,41,42,44,52,53,54,55]
487. [16,17,15,18,21,24,27,28,32,35,61,64,67,70,73,75]
488. [58,59,60,57,61,62,63,64,67,68,69,70,71,72,73,75]
489. [58,59,60,57,61,64,65,66,67,68,69,70,71,72,73,75]
490. [58,59,60,57,61,62,63,64,65,66,67,70,71,72,73,75]
491. [58,59,60,57,61,62,63,64,65,66,67,68,69,70,73,75]
492. [25,26,24,27,39,40,41,42,44,52,53,56,57,58,59,60]
493. [25,26,24,27,39,40,41,42,44,45,46,47,48,49,50,51]
494. [25,26,24,27,28,32,35,36,61,64,67,70,71,72,73,75]
495. [25,26,24,27,39,40,41,42,43,44,45,46,47,48,50,51]
496. [25,26,24,27,28,32,35,36,61,64,67,68,69,70,73,75]
497. [25,26,24,27,28,32,35,36,61,64,65,66,67,70,73,75]
498. [25,26,24,27,28,32,35,36,61,62,63,64,67,70,73,75]
499. [33,34,32,35,61,62,63,64,65,66,67,68,69,70,73,75]
500. [33,34,32,35,61,62,63,64,65,66,67,70,71,72,73,75]
501. [33,34,32,35,61,62,63,64,67,68,69,70,71,72,73,75]
502. [33,34,32,35,61,64,65,66,67,68,69,70,71,72,73,75]
503. [29,30,31,28,32,35,61,64,65,66,67,68,69,70,73,75]
504. [29,30,31,28,32,35,61,64,65,66,67,70,71,72,73,75]
505. [29,30,31,28,32,35,61,62,63,64,67,70,71,72,73,75]
506. [29,30,31,28,32,35,61,62,63,64,67,68,69,70,73,75]
507. [29,30,31,28,32,35,61,64,67,68,69,70,71,72,73,75]
508. [29,30,31,28,32,35,61,62,63,64,65,66,67,70,73,75]
509. [22,23,21,24,27,28,32,35,36,61,64,67,70,73,75]
510. [19,20,18,21,24,27,28,32,35,61,64,67,70,73,75]
511. [19,20,18,21,24,27,39,40,41,42,44,52,53,54,55]
512. [22,23,21,24,27,39,40,41,42,43,44,52,53,54,55]
513. [16,17,15,18,21,24,27,39,40,53,56,57,58,59,60]
514. [45,46,47,48,49,50,51,44,52,53,56,57,58,59,60]
515. [54,55,53,56,57,61,62,63,64,65,66,67,70,73,75]
516. [54,55,53,56,57,61,64,65,66,67,68,69,70,73,75]
517. [54,55,53,56,57,61,64,65,66,67,70,71,72,73,75]
518. [54,55,53,56,57,61,62,63,64,67,70,71,72,73,75]
519. [54,55,53,56,57,61,62,63,64,67,68,69,70,73,75]
520. [54,55,53,56,57,61,64,67,68,69,70,71,72,73,75]
521. [29,30,31,28,32,35,36,61,62,63,64,67,70,73,75]
522. [29,30,31,28,32,35,36,61,64,67,68,69,70,73,75]
523. [29,30,31,28,32,35,36,61,64,67,70,71,72,73,75]
524. [29,30,31,28,32,35,36,61,64,65,66,67,70,73,75]
525. [25,26,24,27,39,40,41,42,44,45,46,47,48,50,51]
526. [25,26,24,27,39,40,53,56,57,61,64,67,70,73,75]
527. [25,26,24,27,28,32,35,61,64,65,66,67,70,73,75]
528. [25,26,24,27,28,32,35,61,62,63,64,67,70,73,75]
529. [25,26,24,27,28,32,35,61,64,67,68,69,70,73,75]
530. [25,26,24,27,28,32,35,61,64,67,70,71,72,73,75]
531. [37,38,36,61,62,63,64,65,66,67,68,69,70,73,75]
532. [37,38,36,61,62,63,64,65,66,67,70,71,72,73,75]
533. [37,38,36,61,62,63,64,67,68,69,70,71,72,73,75]
534. [37,38,36,61,64,65,66,67,68,69,70,71,72,73,75]
535. [33,34,32,35,36,61,64,67,68,69,70,71,72,73,75]
536. [33,34,32,35,36,61,64,65,66,67,70,71,72,73,75]
537. [33,34,32,35,36,61,64,65,66,67,68,69,70,73,75]
538. [33,34,32,35,36,61,62,63,64,67,70,71,72,73,75]
539. [33,34,32,35,36,61,62,63,64,65,66,67,70,73,75]
540. [33,34,32,35,36,61,62,63,64,67,68,69,70,73,75]
541. [22,23,21,24,27,39,40,41,42,44,52,53,54,55]
542. [22,23,21,24,27,28,32,35,61,64,67,70,73,75]
543. [25,26,24,27,39,40,41,42,43,44,52,53,54,55]
544. [25,26,24,27,28,32,35,36,61,64,67,70,73,75]
545. [19,20,18,21,24,27,39,40,53,56,57,58,59,60]
546. [45,46,47,48,50,51,44,52,53,56,57,58,59,60]
547. [58,59,60,57,61,64,67,68,69,70,71,72,73,75]
548. [58,59,60,57,61,64,65,66,67,70,71,72,73,75]
549. [58,59,60,57,61,64,65,66,67,68,69,70,73,75]
550. [58,59,60,57,61,62,63,64,67,70,71,72,73,75]
551. [58,59,60,57,61,62,63,64,67,68,69,70,73,75]
552. [58,59,60,57,61,62,63,64,65,66,67,70,73,75]
553. [29,30,31,28,32,35,61,62,63,64,67,70,73,75]
554. [29,30,31,28,32,35,61,64,65,66,67,70,73,75]
555. [29,30,31,28,32,35,61,64,67,70,71,72,73,75]
556. [29,30,31,28,32,35,61,64,67,68,69,70,73,75]
557. [33,34,32,35,61,62,63,64,67,68,69,70,73,75]
558. [33,34,32,35,61,62,63,64,67,70,71,72,73,75]
559. [33,34,32,35,61,62,63,64,65,66,67,70,73,75]
560. [33,34,32,35,61,64,67,68,69,70,71,72,73,75]
561. [33,34,32,35,61,64,65,66,67,68,69,70,73,75]
562. [33,34,32,35,61,64,65,66,67,70,71,72,73,75]
563. [25,26,24,27,28,32,35,61,64,67,70,73,75]
564. [22,23,21,24,27,39,40,53,56,57,58,59,60]
565. [25,26,24,27,39,40,41,42,44,52,53,54,55]
566. [16,17,15,18,21,24,27,28,32,35,36,37,38]
567. [29,30,31,28,32,35,36,61,64,67,70,73,75]
568. [54,55,53,56,57,61,64,65,66,67,70,73,75]
569. [54,55,53,56,57,61,62,63,64,67,70,73,75]
570. [54,55,53,56,57,61,64,67,68,69,70,73,75]
571. [54,55,53,56,57,61,64,67,70,71,72,73,75]
572. [33,34,32,35,36,61,62,63,64,67,70,73,75]
573. [33,34,32,35,36,61,64,67,70,71,72,73,75]
574. [33,34,32,35,36,61,64,67,68,69,70,73,75]
575. [33,34,32,35,36,61,64,65,66,67,70,73,75]
576. [37,38,36,61,62,63,64,65,66,67,70,73,75]
577. [37,38,36,61,64,65,66,67,68,69,70,73,75]
578. [37,38,36,61,62,63,64,67,70,71,72,73,75]
579. [37,38,36,61,62,63,64,67,68,69,70,73,75]
580. [37,38,36,61,64,65,66,67,70,71,72,73,75]
581. [37,38,36,61,64,67,68,69,70,71,72,73,75]
582. [25,26,24,27,39,40,53,56,57,58,59,60]
583. [29,30,31,28,32,35,61,64,67,70,73,75]
584. [16,17,15,18,21,24,27,39,40,53,54,55]
585. [19,20,18,21,24,27,28,32,35,36,37,38]
586. [45,46,47,48,49,50,51,44,52,53,54,55]
587. [58,59,60,57,61,64,67,68,69,70,73,75]
588. [58,59,60,57,61,64,67,70,71,72,73,75]
589. [58,59,60,57,61,64,65,66,67,70,73,75]
590. [58,59,60,57,61,62,63,64,67,70,73,75]
591. [33,34,32,35,61,64,65,66,67,70,73,75]
592. [33,34,32,35,61,62,63,64,67,70,73,75]
593. [33,34,32,35,61,64,67,68,69,70,73,75]
594. [33,34,32,35,61,64,67,70,71,72,73,75]
595. [16,17,15,18,21,24,27,28,29,30,31]
596. [16,17,15,18,21,24,27,28,32,33,34]
597. [22,23,21,24,27,28,32,35,36,37,38]
598. [19,20,18,21,24,27,39,40,53,54,55]
599. [54,55,53,56,57,61,64,67,70,73,75]
600. [37,38,36,61,64,67,70,71,72,73,75]
601. [37,38,36,61,62,63,64,67,70,73,75]
602. [37,38,36,61,64,67,68,69,70,73,75]
603. [37,38,36,61,64,65,66,67,70,73,75]
604. [33,34,32,35,36,61,64,67,70,73,75]
605. [45,46,47,48,50,51,44,52,53,54,55]
606. [33,34,32,35,61,64,67,70,73,75]
607. [19,20,18,21,24,27,28,32,33,34]
608. [19,20,18,21,24,27,28,29,30,31]
609. [22,23,21,24,27,39,40,53,54,55]
610. [25,26,24,27,28,32,35,36,37,38]
611. [58,59,60,57,61,64,67,70,73,75]
612. [29,30,31,28,32,35,36,37,38]
613. [25,26,24,27,39,40,53,54,55]
614. [22,23,21,24,27,28,29,30,31]
615. [22,23,21,24,27,28,32,33,34]
616. [37,38,36,61,64,67,70,73,75]
617. [48,49,50,51,44,45,46,47,48]
618. [47,48,49,50,51,44,45,46,47]
619. [46,47,48,49,50,51,44,45,46]
620. [49,50,51,44,45,46,47,48,49]
621. [50,51,44,45,46,47,48,49,50]
622. [45,46,47,48,49,50,51,44,45]
623. [51,44,45,46,47,48,49,50,51]
624. [44,45,46,47,48,49,50,51,44]
625. [16,17,15,18,21,24,25,26]
626. [25,26,24,27,28,32,33,34]
627. [25,26,24,27,28,29,30,31]
628. [54,55,53,56,57,58,59,60]
629. [50,51,44,45,46,47,48,50]
630. [48,50,51,44,45,46,47,48]
631. [44,45,46,47,48,50,51,44]
632. [51,44,45,46,47,48,50,51]
633. [45,46,47,48,50,51,44,45]
634. [47,48,50,51,44,45,46,47]
635. [46,47,48,50,51,44,45,46]
636. [33,34,32,35,36,37,38]
637. [29,30,31,28,32,33,34]
638. [16,17,15,18,21,22,23]
639. [19,20,18,21,24,25,26]
640. [16,17,15,18,19,20]
641. [19,20,18,21,22,23]
642. [22,23,21,24,25,26]
643. [30,31,28,29,30]
644. [29,30,31,28,29]
645. [28,29,30,31,28]
646. [31,28,29,30,31]
647. [57,58,59,60,57]
648. [60,57,58,59,60]
649. [58,59,60,57,58]
650. [59,60,57,58,59]
651. [24,25,26,24]
652. [26,24,25,26]
653. [25,26,24,25]
654. [38,36,37,38]
655. [37,38,36,37]
656. [36,37,38,36]
657. [32,33,34,32]
658. [34,32,33,34]
659. [33,34,32,33]
660. [15,16,17,15]
661. [17,15,16,17]
662. [16,17,15,16]
663. [23,21,22,23]
664. [22,23,21,22]
665. [21,22,23,21]
666. [20,18,19,20]
667. [18,19,20,18]
668. [19,20,18,19]
669. [55,53,54,55]
670. [54,55,53,54]
671. [53,54,55,53]
