1. [30,2,4,6,7,8,9,10,11,12,13,14,15,16,17,18,19,20,21,22,23,24,25,26,27,28]
2. [20,21,22,23,24,25,26,27,28,19,13,14,15,16,17,18]
3. [30,2,4,6,7,8,9,10,11,12,13,29,31]
4. [20,21,22,23,24,25,26,27,28,19,13,29,31]
5. [28,19,20,21,22,23,24,25,26,27,28]
6. [24,25,26,27,28,19,20,21,22,23,24]
7. [23,24,25,26,27,28,19,20,21,22,23]
8. [27,28,19,20,21,22,23,24,25,26,27]
9. [26,27,28,19,20,21,22,23,24,25,26]
10. [25,26,27,28,19,20,21,22,23,24,25]
11. [22,23,24,25,26,27,28,19,20,21,22]
12. [20,21,22,23,24,25,26,27,28,19,20]
13. [19,20,21,22,23,24,25,26,27,28,19]
14. [21,22,23,24,25,26,27,28,19,20,21]
15. [14,15,16,17,18,19,13,29,31]
16. [14,15,16,17,18,19,13,14]
17. [13,14,15,16,17,18,19,13]
18. [19,13,14,15,16,17,18,19]
19. [16,17,18,19,13,14,15,16]
20. [15,16,17,18,19,13,14,15]
21. [18,19,13,14,15,16,17,18]
22. [17,18,19,13,14,15,16,17]
23. [30,2,4,5,31]
24. [30,2,3,31]