org.apache.commons.math4.filter.KalmanFilterTest.testConstantAcceleration()
[13,2,6,7,8,9,14]
[13,2,6,7,8,9,14]
[13,2,6,7,8,9,14]
[13,2,6,7,8,9,14]
[13,2,6,7,8,9,14]
[13,2,6,7,8,9,14]
[13,2,6,7,8,9,14]
[13,2,6,7,8,9,14]
[13,2,6,7,8,9,14]
[13,2,6,7,8,9,14]
[13,2,6,7,8,9,14]
[13,2,6,7,8,9,14]
[13,2,6,7,8,9,14]
[13,2,6,7,8,9,14]
[13,2,6,7,8,9,14]
[13,2,6,7,8,9,14]
[13,2,6,7,8,9,14]
[13,2,6,7,8,9,14]
[13,2,6,7,8,9,14]
[13,2,6,7,8,9,14]
[13,2,6,7,8,9,14]
[13,2,6,7,8,9,14]
[13,2,6,7,8,9,14]
[13,2,6,7,8,9,14]
[13,2,6,7,8,9,14]
[13,2,6,7,8,9,14]
[13,2,6,7,8,9,14]
[13,2,6,7,8,9,14]
[13,2,6,7,8,9,14]
[13,2,6,7,8,9,14]
[13,2,6,7,8,9,14]
[13,2,6,7,8,9,14]
[13,2,6,7,8,9,14]
[13,2,6,7,8,9,14]
[13,2,6,7,8,9,14]
[13,2,6,7,8,9,14]
[13,2,6,7,8,9,14]
[13,2,6,7,8,9,14]
[13,2,6,7,8,9,14]
[13,2,6,7,8,9,14]
[13,2,6,7,8,9,14]
[13,2,6,7,8,9,14]
[13,2,6,7,8,9,14]
[13,2,6,7,8,9,14]
[13,2,6,7,8,9,14]
[13,2,6,7,8,9,14]
[13,2,6,7,8,9,14]
[13,2,6,7,8,9,14]
[13,2,6,7,8,9,14]
