org.apache.commons.math4.filter.KalmanFilterTest.testConstant()
[13,2,6,7,9,14]
[13,2,6,7,9,14]
[13,2,6,7,9,14]
[13,2,6,7,9,14]
[13,2,6,7,9,14]
[13,2,6,7,9,14]
[13,2,6,7,9,14]
[13,2,6,7,9,14]
[13,2,6,7,9,14]
[13,2,6,7,9,14]
[13,2,6,7,9,14]
[13,2,6,7,9,14]
[13,2,6,7,9,14]
[13,2,6,7,9,14]
[13,2,6,7,9,14]
[13,2,6,7,9,14]
[13,2,6,7,9,14]
[13,2,6,7,9,14]
[13,2,6,7,9,14]
[13,2,6,7,9,14]
[13,2,6,7,9,14]
[13,2,6,7,9,14]
[13,2,6,7,9,14]
[13,2,6,7,9,14]
[13,2,6,7,9,14]
[13,2,6,7,9,14]
[13,2,6,7,9,14]
[13,2,6,7,9,14]
[13,2,6,7,9,14]
[13,2,6,7,9,14]
[13,2,6,7,9,14]
[13,2,6,7,9,14]
[13,2,6,7,9,14]
[13,2,6,7,9,14]
[13,2,6,7,9,14]
[13,2,6,7,9,14]
[13,2,6,7,9,14]
[13,2,6,7,9,14]
[13,2,6,7,9,14]
[13,2,6,7,9,14]
[13,2,6,7,9,14]
[13,2,6,7,9,14]
[13,2,6,7,9,14]
[13,2,6,7,9,14]
[13,2,6,7,9,14]
[13,2,6,7,9,14]
[13,2,6,7,9,14]
[13,2,6,7,9,14]
[13,2,6,7,9,14]
[13,2,6,7,9,14]
[13,2,6,7,9,14]
[13,2,6,7,9,14]
[13,2,6,7,9,14]
[13,2,6,7,9,14]
[13,2,6,7,9,14]
[13,2,6,7,9,14]
[13,2,6,7,9,14]
[13,2,6,7,9,14]
[13,2,6,7,9,14]