org.apache.commons.lang3.StringUtilsTrimStripTest.testStripStart_StringString()
[14,2,3,4,15]
[14,2,3,4,15]
[14,2,3,5,6,7,8,7,8,7,8,7,8,7,8,7,8,7,8,7,8,7,13,15]
[14,2,3,5,6,7,8,7,8,7,13,15]
[14,2,3,5,6,7,8,7,8,7,8,7,8,7,8,7,8,7,8,7,8,7,8,7,8,7,8,7,8,7,8,7,8,7,8,7,8,7,8,7,8,7,8,7,8,7,8,7,8,7,8,7,8,7,8,7,13,15]
[14,2,3,4,15]
[14,2,3,4,15]
[14,2,3,5,6,9,10,15]
[14,2,3,5,6,9,10,15]
[14,2,3,5,6,9,10,15]
[14,2,3,4,15]
[14,2,3,4,15]
[14,2,3,5,6,11,15]
[14,2,3,5,6,11,15]
[14,2,3,4,15]
[14,2,3,4,15]
[14,2,3,5,6,11,15]
[14,2,3,5,6,11,15]
[14,2,3,5,6,11,15]
[14,2,3,5,6,9,10,15]