org.apache.commons.lang3.StringUtilsIsTest.testIsAsciiPrintable_String()
[9,2,3,10]
[9,2,4,5,8,10]
[9,2,4,5,6,5,8,10]
[9,2,4,5,6,5,8,10]
[9,2,4,5,6,5,8,10]
[9,2,4,5,6,5,8,10]
[9,2,4,5,6,5,6,5,6,5,6,5,8,10]
[9,2,4,5,6,5,6,5,6,5,6,5,6,5,6,5,8,10]
[9,2,4,5,6,5,6,5,6,5,6,5,8,10]
[9,2,4,5,6,5,6,5,6,5,6,5,6,5,8,10]
[9,2,4,5,6,5,6,5,6,7,10]
[9,2,4,5,6,5,6,5,6,5,6,5,6,5,8,10]
[9,2,4,5,6,5,6,5,6,5,6,5,6,5,8,10]
[9,2,4,5,6,5,6,5,6,5,6,5,6,5,6,5,8,10]
[9,2,4,5,6,5,6,5,6,5,6,5,6,5,6,5,6,5,6,5,6,5,6,5,6,5,6,5,6,5,6,5,6,5,6,5,6,5,6,5,6,5,6,5,6,5,6,5,6,5,6,5,6,5,6,5,6,5,6,5,6,5,6,5,6,5,6,5,6,5,6,5,6,5,6,5,6,5,6,5,8,10]
[9,2,4,5,6,5,8,10]
[9,2,4,5,6,5,8,10]
[9,2,4,5,6,5,8,10]
[9,2,4,5,6,7,10]
[9,2,4,5,6,5,6,5,6,5,6,5,6,5,8,10]
[9,2,4,5,6,5,6,5,6,5,6,5,6,5,6,5,6,5,6,5,6,5,6,5,6,5,6,5,6,5,6,5,6,5,6,5,6,5,6,5,6,5,6,5,6,5,6,5,6,5,6,5,6,5,6,5,8,10]
[9,2,4,5,6,5,6,7,10]