net.objecthunter.exp4j.ExpressionTest.testFactorial()
[35,2,3,4,5,3,4,6,12,13,14,16,20,21,22,3,4,5,3,4,6,12,13,14,16,20,21,22,3,4,6,12,13,14,16,17,18,19,3,32,34,36]
[35,2,3,4,5,3,4,6,12,13,14,16,20,21,22,3,4,5,3,4,6,12,13,14,16,20,21,22,3,4,6,12,13,14,16,17,18,19,3,32,34,36]
[35,2,3,4,5,3,4,6,12,13,14,16,20,21,22,3,32,34,36]
[35,2,3,4,5,3,4,6,12,13,14,16,20,21,22,3,4,6,12,13,14,16,20,21,22,3,32,34,36]
[35,2,3,4,5,3,4,5,3,4,6,12,13,14,16,20,21,22,3,4,6,12,13,14,16,17,18,19,3,32,34,36]
[35,2,3,4,5,3,4,6,12,13,14,16,20,21,22,3,4,5,3,4,6,12,13,14,16,17,18,19,3,32,34,36]
[35,2,3,4,5,3,4,6,12,13,14,16,20,21,22,3,32,34,36]
[35,2,3,4,5,3,4,6,12,13,14,16,20,21,22,3,4,6,12,13,14,16,20,21,22,3,32,34,36]
[35,2,3,4,5,3,4,5,3,4,6,12,13,14,16,20,21,22,3,4,6,12,13,14,16,17,18,19,3,32,34,36]
[35,2,3,4,5,3,4,6,12,13,14,16,20,21,22,3,4,5,3,4,6,12,13,14,16,17,18,19,3,32,34,36]
[35,2,3,4,5,3,4,5,3,4,6,12,13,14,16,20,21,22,3,4,6,12,13,14,16,17,18,19,3,32,34,36]
[35,2,3,4,5,3,4,5,3,4,6,12,13,14,16,20,21,22,3,4,6,12,13,14,16,17,18,19,3,32,34,36]
[35,2,3,4,5,3,4,5,3,4,6,12,13,14,16,20,21,22,3,4,6,12,13,14,16,17,18,19,3,4,5,3,4,5,3,4,6,12,13,14,16,17,18,19,3,4,6,12,13,14,16,17,18,19,3,32,34,36]