1. [23,24,25,26,28,29,31,3,4,6,12,13,14,16,17,18,19]
2. [23,24,25,26,28,29,31,3,4,6,12,13,14,16,20,21,22]
3. [12,23,24,25,26,28,29,31,3,4,6,7,8,9,10,36]
4. [12,23,24,25,26,28,29,31,3,4,6,7,8,9,11]
5. [23,24,25,26,28,29,31,3,4,6,12,13,14,15,36]
6. [13,14,16,20,3,4,6,12,23,24,25,26,28,29,30]
7. [13,14,16,20,3,4,6,12,23,24,25,26,28,29,31]
8. [4,6,12,23,24,25,26,28,29,31,3,32,34,36]
9. [4,6,12,23,24,25,26,28,29,31,3,32,33,36]
10. [13,14,16,20,3,4,6,12,23,24,25,26,27,36]
11. [35,2,3,4,6,12,23,24,25,26,28,29,31]
12. [35,2,3,4,6,12,23,24,25,26,28,29,30]
13. [12,13,14,16,20,3,4,6,7,8,9,10,36]
14. [28,29,31,3,4,6,12,23,24,25,26,27,36]
15. [30,29,31,3,4,6,12,23,24,25,26,27,36]
16. [30,29,31,3,4,6,12,13,14,16,20,21,22]
17. [30,29,31,3,4,6,12,13,14,16,17,18,19]
18. [12,13,14,16,20,3,4,6,7,8,9,11]
19. [6,12,23,24,25,26,28,29,31,3,4,6]
20. [12,23,24,25,26,28,29,31,3,4,6,12]
21. [6,12,23,24,25,26,28,29,31,3,4,5]
22. [35,2,3,4,6,12,23,24,25,26,27,36]
23. [35,2,3,4,6,12,13,14,16,17,18,19]
24. [35,2,3,4,6,12,13,14,16,20,21,22]
25. [3,4,6,12,23,24,25,26,28,29,31,3]
26. [4,6,12,23,24,25,26,28,29,31,3,4]
27. [31,3,4,6,12,23,24,25,26,28,29,31]
28. [31,3,4,6,12,23,24,25,26,28,29,30]
29. [28,29,31,3,4,6,12,23,24,25,26,28]
30. [26,28,29,31,3,4,6,12,23,24,25,26]
31. [29,31,3,4,6,12,23,24,25,26,28,29]
32. [30,29,31,3,4,6,12,23,24,25,26,28]
33. [24,25,26,28,29,31,3,4,6,12,23,24]
34. [23,24,25,26,28,29,31,3,4,6,12,23]
35. [25,26,28,29,31,3,4,6,12,23,24,25]
36. [4,6,12,13,14,16,20,3,32,34,36]
37. [4,6,12,13,14,16,20,3,32,33,36]
38. [23,3,4,6,12,13,14,16,20,21,22]
39. [23,3,4,6,12,13,14,16,17,18,19]
40. [20,3,4,6,12,13,14,16,17,18,19]
41. [30,29,31,3,4,6,7,8,9,10,36]
42. [30,29,31,3,4,6,12,13,14,15,36]
43. [35,2,3,4,6,7,8,9,10,36]
44. [35,2,3,4,6,12,13,14,15,36]
45. [30,29,31,3,4,6,7,8,9,11]
46. [16,20,3,4,6,12,13,14,15,36]
47. [12,23,3,4,6,7,8,9,10,36]
48. [4,6,12,13,14,16,20,3,4]
49. [3,4,6,12,13,14,16,20,3]
50. [6,12,13,14,16,20,3,4,6]
51. [6,12,13,14,16,20,3,4,5]
52. [35,2,3,4,6,7,8,9,11]
53. [23,3,4,6,12,13,14,15,36]
54. [20,3,4,6,12,13,14,16,20]
55. [14,16,20,3,4,6,12,13,14]
56. [13,14,16,20,3,4,6,12,13]
57. [12,13,14,16,20,3,4,6,12]
58. [12,23,3,4,6,7,8,9,11]
59. [16,20,3,4,6,12,13,14,16]
60. [4,6,12,23,3,32,33,36]
61. [4,6,12,23,3,32,34,36]
62. [30,29,31,3,32,34,36]
63. [30,29,31,3,32,33,36]
64. [4,6,12,23,3,4]
65. [6,12,23,3,4,5]
66. [6,12,23,3,4,6]
67. [3,4,6,12,23,3]
68. [35,2,3,32,33,36]
69. [35,2,3,32,34,36]
70. [23,3,4,6,12,23]
71. [30,29,31,3,4,5]
72. [12,23,3,4,6,12]
73. [35,2,3,4,5]
74. [30,29,30]
75. [29,30,29]
