1. [37,2,4,6,9,10,11,15,16,17,22,24,25,26,28,29,30,33,34,35,38]
2. [37,2,4,6,9,10,11,12,13,22,24,25,26,28,29,30,33,34,35,38]
3. [37,2,4,6,9,10,11,15,16,17,22,24,25,26,28,29,30,31,32]
4. [37,2,4,6,9,10,11,15,16,17,22,24,25,26,28,29,30,36,38]
5. [37,2,4,6,9,10,11,12,13,22,24,25,26,28,29,30,36,38]
6. [37,2,4,6,9,10,11,12,13,22,24,25,26,28,29,30,31,32]
7. [37,2,4,6,9,10,11,15,16,17,22,24,25,26,36,38]
8. [37,2,4,6,9,10,11,12,13,22,24,25,26,36,38]
9. [37,2,4,6,9,10,11,15,16,17,22,24,25,26,27]
10. [37,2,4,6,9,10,11,12,13,22,24,25,26,27]
11. [37,2,4,6,9,10,11,15,19,20,21,38]
12. [37,2,4,6,9,10,11,15,16,17,22,23]
13. [37,2,4,6,9,10,11,15,16,17,18]
14. [37,2,4,6,9,10,11,12,13,22,23]
15. [37,2,4,6,9,10,11,12,13,14]
16. [37,2,4,6,7,8,38]
17. [31,32,30,33,34,35,38]
18. [37,2,4,5,38]
19. [31,32,30,36,38]
20. [37,2,3,38]
21. [32,30,31,32]
22. [30,31,32,30]
23. [31,32,30,31]
