1. [30,2,4,6,7,8,9,10,11,13,14,15,16,17,18,22,26,27,28,29,31]
2. [30,2,4,6,7,8,9,10,11,13,14,16,17,18,22,26,27,28,29,31]
3. [30,2,4,6,7,8,10,11,13,14,15,16,17,18,22,26,27,28,29,31]
4. [30,2,4,6,8,9,10,11,13,14,15,16,17,18,22,26,27,28,29,31]
5. [30,2,4,6,7,8,10,11,13,14,16,17,18,22,26,27,28,29,31]
6. [30,2,4,6,7,8,9,10,11,13,14,15,16,17,18,22,23,24,25]
7. [30,2,4,6,8,9,10,11,13,14,16,17,18,22,26,27,28,29,31]
8. [30,2,4,6,8,10,11,13,14,15,16,17,18,22,26,27,28,29,31]
9. [30,2,4,6,8,9,10,11,13,14,15,16,17,18,22,23,24,25]
10. [30,2,4,6,8,10,11,13,14,16,17,18,22,26,27,28,29,31]
11. [30,2,4,6,7,8,9,10,11,13,14,15,16,17,18,19,20,21]
12. [30,2,4,6,7,8,9,10,11,13,14,16,17,18,22,23,24,25]
13. [30,2,4,6,7,8,10,11,13,14,15,16,17,18,22,23,24,25]
14. [30,2,4,6,8,9,10,11,13,14,16,17,18,22,23,24,25]
15. [30,2,4,6,8,9,10,11,13,14,15,16,17,18,19,20,21]
16. [30,2,4,6,8,10,11,13,14,15,16,17,18,22,23,24,25]
17. [30,2,4,6,7,8,9,10,11,13,14,16,17,18,19,20,21]
18. [30,2,4,6,7,8,10,11,13,14,16,17,18,22,23,24,25]
19. [30,2,4,6,7,8,10,11,13,14,15,16,17,18,19,20,21]
20. [30,2,4,6,8,10,11,13,14,16,17,18,22,23,24,25]
21. [30,2,4,6,8,10,11,13,14,15,16,17,18,19,20,21]
22. [30,2,4,6,7,8,10,11,13,14,16,17,18,19,20,21]
23. [30,2,4,6,8,9,10,11,13,14,16,17,18,19,20,21]
24. [30,2,4,6,7,8,9,10,11,13,14,15,16,29,31]
25. [30,2,4,6,8,10,11,13,14,16,17,18,19,20,21]
26. [30,2,4,6,8,9,10,11,13,14,15,16,29,31]
27. [30,2,4,6,7,8,10,11,13,14,15,16,29,31]
28. [30,2,4,6,7,8,9,10,11,13,14,16,29,31]
29. [30,2,4,6,7,8,10,11,13,14,16,29,31]
30. [30,2,4,6,8,9,10,11,13,14,16,29,31]
31. [30,2,4,6,8,10,11,13,14,15,16,29,31]
32. [30,2,4,6,8,10,11,13,14,16,29,31]
33. [30,2,4,6,7,8,9,10,11,12,31]
34. [30,2,4,6,8,9,10,11,12,31]
35. [30,2,4,6,7,8,10,11,12,31]
36. [30,2,4,6,8,10,11,12,31]
37. [30,2,4,5,31]
38. [30,2,3,31]
