1. [20,2,3,4,5,6,7,8,9,10,11,12,13,16,17]
2. [20,2,3,4,5,7,8,9,10,11,12,13,16,17]
3. [20,2,3,4,5,6,7,8,9,10,15,16,17]
4. [20,2,3,4,5,6,7,8,9,10,11,16,17]
5. [20,2,3,4,5,7,8,9,10,11,16,17]
6. [20,2,3,4,5,7,8,9,10,15,16,17]
7. [8,9,10,11,12,13,16,17,7,18,21]
8. [11,12,13,16,17,7,8,9,10,11]
9. [11,12,13,16,17,7,8,9,10,15]
10. [10,11,12,13,16,17,7,8,9,10]
11. [12,13,16,17,7,8,9,10,11,12]
12. [16,17,7,8,9,10,11,12,13,16]
13. [15,16,17,7,8,9,10,11,12,13]
14. [13,16,17,7,8,9,10,11,12,13]
15. [9,10,11,12,13,16,17,7,8,9]
16. [17,7,8,9,10,11,12,13,16,17]
17. [7,8,9,10,11,12,13,16,17,7]
18. [8,9,10,11,12,13,16,17,7,8]
19. [8,9,10,11,12,13,16,7,18,21]
20. [16,7,8,9,10,11,12,13,16]
21. [20,2,3,4,5,6,7,18,21]
22. [7,8,9,10,11,12,13,16,7]
23. [12,13,16,7,8,9,10,11,12]
24. [11,12,13,16,7,8,9,10,15]
25. [11,12,13,16,7,8,9,10,11]
26. [15,16,7,8,9,10,11,12,13]
27. [13,16,7,8,9,10,11,12,13]
28. [8,9,10,11,16,17,7,18,21]
29. [8,9,10,11,12,13,16,7,8]
30. [8,9,10,15,16,17,7,18,21]
31. [10,11,12,13,16,7,8,9,10]
32. [9,10,11,12,13,16,7,8,9]
33. [7,8,9,10,15,16,17,7]
34. [8,9,10,11,16,7,18,21]
35. [7,8,9,10,11,16,17,7]
36. [17,7,8,9,10,11,16,17]
37. [17,7,8,9,10,15,16,17]
38. [20,2,3,4,5,7,18,21]
39. [8,9,10,11,16,17,7,8]
40. [10,15,16,17,7,8,9,10]
41. [15,16,17,7,8,9,10,15]
42. [16,17,7,8,9,10,11,16]
43. [16,17,7,8,9,10,15,16]
44. [11,16,17,7,8,9,10,11]
45. [11,16,17,7,8,9,10,15]
46. [9,10,11,16,17,7,8,9]
47. [8,9,10,15,16,7,18,21]
48. [8,9,10,15,16,17,7,8]
49. [10,11,16,17,7,8,9,10]
50. [9,10,15,16,17,7,8,9]
51. [16,7,8,9,10,15,16]
52. [16,7,8,9,10,11,16]
53. [7,8,9,10,11,16,7]
54. [8,9,10,15,16,7,8]
55. [8,9,10,11,16,7,8]
56. [7,8,9,10,15,16,7]
57. [10,15,16,7,8,9,10]
58. [15,16,7,8,9,10,15]
59. [11,16,7,8,9,10,11]
60. [11,16,7,8,9,10,15]
61. [9,10,15,16,7,8,9]
62. [9,10,11,16,7,8,9]
63. [10,11,16,7,8,9,10]