1. [37,2,3,5,7,14,20,21,22,27,28,29,30,31,32,33,34,35,36,38]
2. [37,2,3,5,7,14,20,21,22,27,28,29,30,31,32,33,34,36,38]
3. [37,2,7,14,20,21,22,27,28,29,30,31,32,33,34,35,36,38]
4. [37,2,7,14,20,21,22,27,28,29,30,31,32,33,34,36,38]
5. [23,24,25,26,22,27,28,29,30,31,32,33,34,35,36,38]
6. [37,2,3,5,7,14,20,21,22,27,33,34,35,36,38]
7. [23,24,25,26,22,27,28,29,30,31,32,33,34,36,38]
8. [37,2,3,5,7,14,20,21,22,27,33,34,36,38]
9. [37,2,7,14,20,21,22,27,33,34,35,36,38]
10. [37,2,3,5,7,14,20,21,22,23,24,25,26]
11. [37,2,3,5,7,8,9,10,11,12,13,38]
12. [37,2,7,14,20,21,22,27,33,34,36,38]
13. [37,2,3,5,7,14,16,17,18,19,38]
14. [37,2,7,14,20,21,22,23,24,25,26]
15. [23,24,25,26,22,27,33,34,35,36,38]
16. [37,2,7,8,9,10,11,12,13,38]
17. [23,24,25,26,22,27,33,34,36,38]
18. [37,2,7,14,16,17,18,19,38]
19. [37,2,3,5,6,38]
20. [25,26,22,23,24,25]
21. [26,22,23,24,25,26]
22. [24,25,26,22,23,24]
23. [22,23,24,25,26,22]
24. [23,24,25,26,22,23]
25. [37,2,3,4,38]