1. [26,2,3,4,6,7,8,9,10,11,12,13,14,15,16,17,18,19,20,21,22,23,24,25,27]
2. [26,2,3,4,6,7,8,9,10,11,12,13,14,15,16,17,18,19,20,21,22,23,25,27]
3. [26,2,3,4,6,9,10,11,12,13,14,15,16,17,18,19,20,21,22,23,24,25,27]
4. [26,2,3,4,6,9,10,11,12,13,14,15,16,17,18,19,20,21,22,23,25,27]
5. [22,9,10,11,12,13,14,15,16,17,18,19,20,21,22]
6. [10,11,12,13,14,15,16,17,18,19,20,21,22,9,10]
7. [9,10,11,12,13,14,15,16,17,18,19,20,21,22,9]
8. [17,18,19,20,21,22,9,10,11,12,13,14,15,16,17]
9. [16,17,18,19,20,21,22,9,10,11,12,13,14,15,16]
10. [15,16,17,18,19,20,21,22,9,10,11,12,13,14,15]
11. [18,19,20,21,22,9,10,11,12,13,14,15,16,17,18]
12. [21,22,9,10,11,12,13,14,15,16,17,18,19,20,21]
13. [20,21,22,9,10,11,12,13,14,15,16,17,18,19,20]
14. [19,20,21,22,9,10,11,12,13,14,15,16,17,18,19]
15. [14,15,16,17,18,19,20,21,22,9,10,11,12,13,14]
16. [11,12,13,14,15,16,17,18,19,20,21,22,9,10,11]
17. [13,14,15,16,17,18,19,20,21,22,9,10,11,12,13]
18. [12,13,14,15,16,17,18,19,20,21,22,9,10,11,12]
19. [12,13,14,15,16,17,12]
20. [17,12,13,14,15,16,17]
21. [13,14,15,16,17,12,13]
22. [15,16,17,12,13,14,15]
23. [14,15,16,17,12,13,14]
24. [16,17,12,13,14,15,16]
25. [26,2,3,4,5,27]