1. [33,2,3,4,5,6,7,8,9,10,15,16,17,18,19]
2. [7,8,9,10,15,16,17,18,19,6,25,26,31,32,34]
3. [7,8,9,10,15,16,17,18,19,6,25,32,34]
4. [21,22,6,7,8,9,10,15,16,17,18,19]
5. [21,24,6,7,8,9,10,15,16,17,18,19]
6. [9,10,15,16,17,18,19,6,7,8,21,22]
7. [9,10,15,16,17,18,19,6,7,8,21,24]
8. [7,8,9,10,15,16,17,18,19,6,7]
9. [6,7,8,9,10,15,16,17,18,19,6]
10. [8,9,10,15,16,17,18,19,6,7,8]
11. [33,2,3,4,5,6,25,26,31,32,34]
12. [19,6,7,8,9,10,15,16,17,18,19]
13. [9,10,15,16,17,18,19,6,7,8,9]
14. [16,17,18,19,6,7,8,9,10,15,16]
15. [15,16,17,18,19,6,7,8,9,10,15]
16. [17,18,19,6,7,8,9,10,15,16,17]
17. [18,19,6,7,8,9,10,15,16,17,18]
18. [10,15,16,17,18,19,6,7,8,9,10]
19. [7,8,21,22,6,25,26,31,32,34]
20. [7,8,21,24,6,25,26,31,32,34]
21. [7,8,9,19,6,25,26,31,32,34]
22. [33,2,3,4,5,6,7,8,21,22]
23. [33,2,3,4,5,6,7,8,21,24]
24. [33,2,3,4,5,6,7,8,9,19]
25. [33,2,3,4,5,6,25,32,34]
26. [7,8,21,22,6,25,32,34]
27. [7,8,9,19,6,25,32,34]
28. [7,8,21,24,6,25,32,34]
29. [21,24,6,7,8,9,19]
30. [21,22,6,7,8,9,19]
31. [9,19,6,7,8,21,24]
32. [9,19,6,7,8,21,22]
33. [24,6,7,8,21,22]
34. [22,6,7,8,21,24]
35. [22,6,7,8,21,22]
36. [24,6,7,8,21,24]
37. [7,8,9,19,6,7]
38. [7,8,21,22,6,7]
39. [6,7,8,21,24,6]
40. [6,7,8,9,19,6]
41. [6,7,8,21,22,6]
42. [19,6,7,8,9,19]
43. [8,21,24,6,7,8]
44. [8,21,22,6,7,8]
45. [21,24,6,7,8,21]
46. [21,22,6,7,8,21]
47. [7,8,21,24,6,7]
48. [8,9,19,6,7,8]
49. [9,19,6,7,8,9]