1. [33,2,3,4,5,6,7,8,9,10,11,12,13,14,15,16,17,18,19,20,21,22,23,24,25,26,27,28,29,30,31,32,34]
2. [33,2,3,4,5,6,7,8,9,10,11,12,13,14,15,16,17,18,19,20,21,22,23,24,25,27,28,29,30,31,32,34]
3. [33,2,3,4,5,6,7,8,9,10,11,12,13,14,15,17,18,19,20,21,22,23,24,25,26,27,28,29,30,31,32,34]
4. [33,2,3,4,5,6,7,8,9,10,11,12,13,15,16,17,18,19,20,21,22,23,24,25,26,27,28,29,30,31,32,34]
5. [33,2,3,4,5,6,7,8,9,10,11,12,13,14,15,17,18,19,20,21,22,23,24,25,27,28,29,30,31,32,34]
6. [33,2,3,4,5,6,7,8,9,10,11,12,13,15,16,17,18,19,20,21,22,23,24,25,27,28,29,30,31,32,34]
7. [33,2,3,4,5,6,7,8,9,10,11,12,13,15,17,18,19,20,21,22,23,24,25,26,27,28,29,30,31,32,34]
8. [33,2,3,4,5,6,7,8,9,10,11,12,13,15,17,18,19,20,21,22,23,24,25,27,28,29,30,31,32,34]
9. [33,2,3,4,5,6,7,8,9,10,11,12,13,14,15,16,17,18,19,20,21,22,27,28,29,30,31,32,34]
10. [33,2,3,4,5,6,7,8,9,15,16,17,18,19,20,21,22,23,24,25,26,27,28,29,30,31,32,34]
11. [33,2,3,4,5,6,7,8,9,10,11,12,13,15,16,17,18,19,20,21,22,27,28,29,30,31,32,34]
12. [33,2,3,4,5,6,7,8,9,10,11,12,13,14,15,17,18,19,20,21,22,27,28,29,30,31,32,34]
13. [33,2,3,4,5,6,7,8,9,15,17,18,19,20,21,22,23,24,25,26,27,28,29,30,31,32,34]
14. [33,2,3,4,5,6,7,8,9,15,16,17,18,19,20,21,22,23,24,25,27,28,29,30,31,32,34]
15. [33,2,3,4,5,6,7,8,9,10,11,12,13,15,17,18,19,20,21,22,27,28,29,30,31,32,34]
16. [33,2,3,4,5,6,7,8,9,10,11,12,13,14,15,16,17,18,19,27,28,29,30,31,32,34]
17. [33,2,3,4,5,6,7,8,9,15,17,18,19,20,21,22,23,24,25,27,28,29,30,31,32,34]
18. [33,2,3,4,5,6,7,8,9,10,11,12,13,14,15,17,18,19,27,28,29,30,31,32,34]
19. [33,2,3,4,5,6,7,8,9,10,11,12,13,15,16,17,18,19,27,28,29,30,31,32,34]
20. [33,2,3,4,5,6,15,16,17,18,19,20,21,22,23,24,25,26,27,28,29,30,31,32,34]
21. [33,2,3,4,5,6,7,8,9,10,11,12,13,15,17,18,19,27,28,29,30,31,32,34]
22. [33,2,3,4,5,6,7,8,9,10,11,12,13,14,15,16,17,27,28,29,30,31,32,34]
23. [33,2,3,4,5,6,15,17,18,19,20,21,22,23,24,25,26,27,28,29,30,31,32,34]
24. [33,2,3,4,5,6,7,8,9,15,16,17,18,19,20,21,22,27,28,29,30,31,32,34]
25. [33,2,3,4,5,6,15,16,17,18,19,20,21,22,23,24,25,27,28,29,30,31,32,34]
26. [33,2,3,4,5,6,7,8,9,10,11,12,13,15,16,17,27,28,29,30,31,32,34]
27. [33,2,3,4,5,6,7,8,9,10,11,12,13,14,15,17,27,28,29,30,31,32,34]
28. [33,2,3,4,5,6,7,8,9,15,17,18,19,20,21,22,27,28,29,30,31,32,34]
29. [33,2,3,4,5,6,15,17,18,19,20,21,22,23,24,25,27,28,29,30,31,32,34]
30. [33,2,3,4,5,6,7,8,9,10,11,12,13,15,17,27,28,29,30,31,32,34]
31. [33,2,3,4,5,6,7,8,9,15,16,17,18,19,27,28,29,30,31,32,34]
32. [33,2,3,4,5,6,15,16,17,18,19,20,21,22,27,28,29,30,31,32,34]
33. [33,2,3,4,5,6,7,8,9,15,17,18,19,27,28,29,30,31,32,34]
34. [33,2,3,4,5,6,15,17,18,19,20,21,22,27,28,29,30,31,32,34]
35. [33,2,3,17,18,19,20,21,22,23,24,25,26,27,28,29,30,31,32,34]
36. [33,2,3,17,18,19,20,21,22,23,24,25,27,28,29,30,31,32,34]
37. [33,2,3,4,5,6,7,8,9,15,16,17,27,28,29,30,31,32,34]
38. [33,2,3,4,5,6,15,16,17,18,19,27,28,29,30,31,32,34]
39. [33,2,3,4,5,6,7,8,9,15,17,27,28,29,30,31,32,34]
40. [33,2,3,4,5,6,15,17,18,19,27,28,29,30,31,32,34]
41. [33,2,3,17,18,19,20,21,22,27,28,29,30,31,32,34]
42. [33,2,3,4,5,6,15,16,17,27,28,29,30,31,32,34]
43. [33,2,3,4,5,6,15,17,27,28,29,30,31,32,34]
44. [33,2,3,17,18,19,27,28,29,30,31,32,34]
45. [33,2,3,17,27,28,29,30,31,32,34]
