org.apache.commons.lang3.StringUtilsTest.testGetLevenshteinDistance_StringStringInt()
[47,2,4,6,7,8,9,48]
[47,2,4,6,7,8,10,11,48]
[47,2,4,6,7,8,10,11,48]
[47,2,4,6,7,8,10,11,48]
[47,2,4,6,7,8,10,12,14,20,21,22,23,24,23,25,26,27,28,29,30,31,32,34,36,37,39,40,36,41,42,43,27,44,46,48]
[47,2,4,6,7,8,10,12,14,20,21,22,23,24,23,25,26,27,28,29,30,31,32,34,36,37,39,40,36,41,42,43,27,44,46,48]
[47,2,4,6,7,8,10,12,14,20,21,22,23,24,23,25,26,27,28,29,30,31,32,34,36,37,38,36,41,42,43,27,28,29,30,31,32,34,35,36,37,38,36,41,42,43,27,44,45,48]
[47,2,4,6,7,8,10,12,14,20,21,22,23,24,23,24,23,24,23,25,26,27,28,29,30,31,32,34,36,37,38,36,37,38,36,41,42,43,27,28,29,30,31,32,34,36,37,38,36,37,38,36,41,42,43,27,44,45,48]
[47,2,4,6,7,8,10,12,14,20,21,22,23,24,23,24,23,24,23,25,26,27,28,29,30,31,32,34,36,37,39,40,36,37,39,40,36,37,39,40,36,41,42,43,27,28,29,30,31,32,34,36,37,39,40,36,37,39,40,36,37,39,40,36,41,42,43,27,28,29,30,31,32,34,36,37,39,40,36,37,39,40,36,37,39,40,36,41,42,43,27,44,46,48]
[47,2,4,6,7,8,10,12,14,20,21,22,23,24,23,24,23,24,23,24,23,25,26,27,28,29,30,31,32,34,36,37,39,40,36,37,39,40,36,37,39,40,36,41,42,43,27,28,29,30,31,32,34,36,37,39,40,36,37,39,40,36,37,39,40,36,41,42,43,27,28,29,30,31,32,34,36,37,39,40,36,37,39,40,36,37,39,40,36,41,42,43,27,44,45,48]
[47,2,4,6,7,8,10,12,14,15,16,17,18,19,20,21,22,23,24,23,24,23,25,26,27,28,29,30,31,32,34,36,37,39,40,36,41,42,43,27,28,29,30,31,32,34,36,37,39,40,36,41,42,43,27,28,29,30,31,32,34,36,37,39,40,36,41,42,43,27,28,29,30,31,32,34,36,37,39,40,36,41,42,43,27,28,29,30,31,32,34,36,37,39,40,36,41,42,43,27,28,29,30,31,32,34,36,37,39,40,36,41,42,43,27,44,45,48]
[47,2,4,6,7,8,10,12,14,15,16,17,18,19,20,21,22,23,24,23,24,23,25,26,27,28,29,30,31,32,34,36,37,39,40,36,41,42,43,27,28,29,30,31,32,34,36,37,39,40,36,41,42,43,27,28,29,30,31,32,34,36,37,39,40,36,41,42,43,27,28,29,30,31,32,34,36,37,39,40,36,41,42,43,27,28,29,30,31,32,34,36,37,39,40,36,41,42,43,27,28,29,30,31,32,34,36,37,39,40,36,41,42,43,27,28,29,30,31,32,34,36,37,39,40,36,41,42,43,27,44,45,48]
[47,2,4,6,7,8,10,12,14,20,21,22,23,24,23,24,23,25,26,27,28,29,30,31,32,34,36,37,39,40,36,41,42,43,27,28,29,30,31,32,34,36,37,39,40,36,41,42,43,27,28,29,30,31,32,34,36,37,39,40,36,41,42,43,27,44,45,48]
[47,2,4,6,7,8,10,12,14,15,16,17,18,19,20,21,22,23,24,23,24,23,25,26,27,28,29,30,31,32,34,36,37,39,40,36,41,42,43,27,28,29,30,31,32,34,36,37,39,40,36,41,42,43,27,28,29,30,31,32,34,36,37,39,40,36,41,42,43,27,28,29,30,31,32,34,36,37,39,40,36,41,42,43,27,28,29,30,31,32,34,36,37,39,40,36,41,42,43,27,28,29,30,31,32,34,36,37,39,40,36,41,42,43,27,28,29,30,31,32,34,36,37,39,40,36,41,42,43,27,44,45,48]
[47,2,4,6,7,8,10,12,14,20,21,22,23,24,23,24,23,25,26,27,28,29,30,31,32,34,36,37,39,40,36,41,42,43,27,28,29,30,31,32,34,36,37,39,40,36,41,42,43,27,28,29,30,31,32,34,36,37,39,40,36,41,42,43,27,44,45,48]
[47,2,4,6,7,8,10,12,14,20,21,22,23,24,23,24,23,25,26,27,28,29,30,31,32,34,36,37,39,40,36,41,42,43,27,28,29,30,31,32,34,36,37,39,40,36,41,42,43,27,28,29,30,31,32,34,36,37,39,40,36,41,42,43,27,44,46,48]
[47,2,4,6,7,8,10,12,14,15,16,17,18,19,20,21,22,23,24,23,24,23,25,26,27,28,29,30,31,32,34,36,37,39,40,36,41,42,43,27,28,29,30,31,32,34,36,37,39,40,36,41,42,43,27,28,29,30,31,32,34,36,37,39,40,36,41,42,43,27,44,46,48]
[47,2,4,6,7,8,10,12,14,15,16,17,18,19,20,21,22,23,24,23,24,23,25,26,27,28,29,30,31,32,34,36,37,39,40,36,41,42,43,27,28,29,30,31,32,34,36,37,39,40,36,41,42,43,27,28,29,30,31,32,34,36,37,39,40,36,41,42,43,27,28,29,30,31,32,34,36,37,39,40,36,41,42,43,27,28,29,30,31,32,34,36,37,39,40,36,41,42,43,27,28,29,30,31,32,34,36,37,39,40,36,41,42,43,27,28,29,30,31,32,34,36,37,39,40,36,41,42,43,27,44,46,48]
[47,2,4,6,7,8,10,12,13,48]
[47,2,4,6,7,8,10,12,13,48]
[47,2,4,6,7,8,10,12,13,48]
[47,2,4,6,7,8,10,12,13,48]
[47,2,4,6,7,8,10,12,14,15,16,17,18,19,20,21,22,23,24,23,24,23,25,26,27,28,29,30,31,32,34,36,37,38,36,37,39,40,36,41,42,43,27,28,29,30,31,32,34,36,37,39,40,36,37,39,40,36,37,39,40,36,41,42,43,27,28,29,30,31,32,34,35,36,37,38,36,37,39,40,36,41,42,43,27,28,29,30,31,32,34,35,36,37,38,36,41,42,43,27,44,45,48]
[47,2,4,6,7,8,10,12,14,20,21,22,23,24,23,24,23,24,23,24,23,25,26,27,28,29,30,31,32,34,36,37,39,40,36,37,39,40,36,37,39,40,36,41,42,43,27,28,29,30,31,32,34,36,37,39,40,36,37,39,40,36,37,39,40,36,41,42,43,27,28,29,30,31,32,34,36,37,39,40,36,37,39,40,36,37,39,40,36,41,42,43,27,44,45,48]
[47,2,4,6,7,8,10,12,14,15,16,17,18,19,20,21,22,23,24,23,24,23,24,23,24,23,24,23,24,23,25,26,27,28,29,30,31,32,34,36,37,39,40,36,37,39,40,36,37,39,40,36,37,39,40,36,37,39,40,36,41,42,43,27,28,29,30,31,32,34,36,37,39,40,36,37,39,40,36,37,39,40,36,37,39,40,36,37,39,40,36,41,42,43,27,28,29,30,31,32,34,36,37,39,40,36,37,39,40,36,37,39,40,36,37,39,40,36,37,39,40,36,41,42,43,27,28,29,30,31,32,34,36,37,39,40,36,37,39,40,36,37,38,36,37,38,36,37,39,40,36,41,42,43,27,28,29,30,31,32,34,36,37,38,36,37,39,40,36,37,39,40,36,37,39,40,36,37,39,40,36,41,42,43,27,28,29,30,31,32,34,36,37,39,40,36,37,39,40,36,37,39,40,36,37,39,40,36,37,39,40,36,41,42,43,27,28,29,30,31,32,34,36,37,39,40,36,37,39,40,36,37,39,40,36,37,39,40,36,37,39,40,36,41,42,43,27,28,29,30,31,32,34,36,37,39,40,36,37,39,40,36,37,39,40,36,37,39,40,36,37,39,40,36,41,42,43,27,44,45,48]
[47,2,4,6,7,8,10,12,14,15,16,17,18,19,20,21,22,23,24,23,24,23,24,23,24,23,24,23,24,23,25,26,27,28,29,30,31,32,34,36,37,39,40,36,37,39,40,36,37,39,40,36,37,39,40,36,37,39,40,36,41,42,43,27,28,29,30,31,32,34,36,37,39,40,36,37,39,40,36,37,39,40,36,37,39,40,36,37,39,40,36,41,42,43,27,28,29,30,31,32,34,36,37,39,40,36,37,39,40,36,37,39,40,36,37,39,40,36,37,39,40,36,41,42,43,27,28,29,30,31,32,34,36,37,39,40,36,37,39,40,36,37,38,36,37,38,36,37,39,40,36,41,42,43,27,28,29,30,31,32,34,36,37,38,36,37,39,40,36,37,39,40,36,37,39,40,36,37,39,40,36,41,42,43,27,28,29,30,31,32,34,36,37,39,40,36,37,39,40,36,37,39,40,36,37,39,40,36,37,39,40,36,41,42,43,27,28,29,30,31,32,34,36,37,39,40,36,37,39,40,36,37,39,40,36,37,39,40,36,37,39,40,36,41,42,43,27,28,29,30,31,32,34,35,36,37,39,40,36,37,39,40,36,37,39,40,36,37,39,40,36,41,42,43,27,44,46,48]
[47,2,4,6,7,8,10,12,14,20,21,22,23,24,23,24,23,24,23,24,23,24,23,24,23,25,26,27,28,29,30,31,32,34,36,37,39,40,36,37,39,40,36,37,39,40,36,37,39,40,36,37,39,40,36,41,42,43,27,28,29,30,31,32,34,36,37,39,40,36,37,39,40,36,37,39,40,36,37,39,40,36,37,39,40,36,41,42,43,27,28,29,30,31,32,34,36,37,39,40,36,37,39,40,36,37,39,40,36,37,39,40,36,37,39,40,36,41,42,43,27,28,29,30,31,32,34,36,37,39,40,36,37,39,40,36,37,38,36,37,38,36,37,39,40,36,41,42,43,27,28,29,30,31,32,34,36,37,38,36,37,39,40,36,37,39,40,36,37,39,40,36,37,39,40,36,41,42,43,27,28,29,30,31,32,34,36,37,39,40,36,37,39,40,36,37,39,40,36,37,39,40,36,37,39,40,36,41,42,43,27,28,29,30,31,32,34,36,37,39,40,36,37,39,40,36,37,39,40,36,37,39,40,36,37,39,40,36,41,42,43,27,28,29,30,31,32,34,36,37,39,40,36,37,39,40,36,37,39,40,36,37,39,40,36,37,39,40,36,41,42,43,27,44,45,48]
[47,2,4,6,7,8,10,12,14,20,21,22,23,24,23,24,23,24,23,24,23,24,23,24,23,25,26,27,28,29,30,31,32,34,36,37,39,40,36,37,39,40,36,37,39,40,36,37,39,40,36,37,39,40,36,41,42,43,27,28,29,30,31,32,34,36,37,39,40,36,37,39,40,36,37,39,40,36,37,39,40,36,37,39,40,36,41,42,43,27,28,29,30,31,32,34,36,37,39,40,36,37,39,40,36,37,39,40,36,37,39,40,36,37,39,40,36,41,42,43,27,28,29,30,31,32,34,36,37,39,40,36,37,39,40,36,37,38,36,37,38,36,37,39,40,36,41,42,43,27,28,29,30,31,32,34,36,37,38,36,37,39,40,36,37,39,40,36,37,39,40,36,37,39,40,36,41,42,43,27,28,29,30,31,32,34,36,37,39,40,36,37,39,40,36,37,39,40,36,37,39,40,36,37,39,40,36,41,42,43,27,28,29,30,31,32,34,36,37,39,40,36,37,39,40,36,37,39,40,36,37,39,40,36,37,39,40,36,41,42,43,27,28,29,30,31,32,34,35,36,37,39,40,36,37,39,40,36,37,39,40,36,37,39,40,36,41,42,43,27,44,46,48]
[47,2,4,6,7,8,10,12,14,20,21,22,23,24,23,24,23,24,23,24,23,24,23,24,23,25,26,27,28,29,30,31,32,34,36,37,39,40,36,37,39,40,36,37,39,40,36,37,39,40,36,37,39,40,36,41,42,43,27,28,29,30,31,32,34,36,37,39,40,36,37,39,40,36,37,39,40,36,37,39,40,36,37,39,40,36,41,42,43,27,28,29,30,31,32,34,36,37,39,40,36,37,39,40,36,37,39,40,36,37,39,40,36,37,39,40,36,41,42,43,27,28,29,30,31,32,34,36,37,39,40,36,37,39,40,36,37,39,40,36,37,39,40,36,37,39,40,36,41,42,43,27,28,29,30,31,32,34,36,37,39,40,36,37,39,40,36,37,39,40,36,37,39,40,36,37,39,40,36,41,42,43,27,28,29,30,31,32,34,36,37,39,40,36,37,39,40,36,37,39,40,36,37,39,40,36,37,39,40,36,41,42,43,27,28,29,30,31,32,34,36,37,39,40,36,37,39,40,36,37,39,40,36,37,39,40,36,37,39,40,36,41,42,43,27,28,29,30,31,32,34,36,37,39,40,36,37,39,40,36,37,39,40,36,37,39,40,36,37,39,40,36,41,42,43,27,44,45,48]
[47,2,4,6,7,8,10,12,14,15,16,17,18,19,20,21,22,23,24,23,24,23,24,23,24,23,24,23,24,23,25,26,27,28,29,30,31,32,34,36,37,39,40,36,37,39,40,36,37,39,40,36,37,39,40,36,37,39,40,36,41,42,43,27,28,29,30,31,32,34,36,37,39,40,36,37,39,40,36,37,39,40,36,37,39,40,36,37,39,40,36,41,42,43,27,28,29,30,31,32,34,36,37,39,40,36,37,39,40,36,37,39,40,36,37,39,40,36,37,39,40,36,41,42,43,27,28,29,30,31,32,34,36,37,39,40,36,37,39,40,36,37,39,40,36,37,39,40,36,37,39,40,36,41,42,43,27,28,29,30,31,32,34,36,37,39,40,36,37,39,40,36,37,39,40,36,37,39,40,36,37,39,40,36,41,42,43,27,28,29,30,31,32,34,36,37,39,40,36,37,39,40,36,37,39,40,36,37,39,40,36,37,39,40,36,41,42,43,27,28,29,30,31,32,34,36,37,39,40,36,37,39,40,36,37,39,40,36,37,39,40,36,37,39,40,36,41,42,43,27,28,29,30,31,32,34,36,37,39,40,36,37,39,40,36,37,39,40,36,37,39,40,36,37,39,40,36,41,42,43,27,44,45,48]
[47,2,4,6,7,8,10,12,14,20,21,22,23,24,23,24,23,25,26,27,28,29,30,31,32,34,36,37,38,36,37,39,40,36,41,42,43,27,28,29,30,31,32,34,36,37,39,40,36,37,39,40,36,37,39,40,36,41,42,43,27,28,29,30,31,32,34,35,36,37,39,40,36,37,38,36,37,38,36,41,42,43,27,28,29,30,31,32,34,35,36,37,38,36,37,38,36,37,39,40,36,41,42,43,27,28,29,30,31,32,34,35,36,37,39,40,36,37,38,36,41,42,43,27,44,45,48]
[47,2,4,6,7,8,10,12,14,15,16,17,18,19,20,21,22,23,24,23,24,23,24,23,24,23,25,26,27,28,29,30,31,32,34,36,37,38,36,37,39,40,36,37,39,40,36,41,42,43,27,28,29,30,31,32,34,36,37,39,40,36,37,39,40,36,37,39,40,36,41,42,43,27,28,29,30,31,32,34,36,37,39,40,36,37,38,36,37,39,40,36,41,42,43,27,28,29,30,31,32,34,36,37,39,40,36,37,39,40,36,37,38,36,41,42,43,27,44,45,48]
[47,2,4,6,7,8,10,12,14,20,21,22,23,24,23,24,23,24,23,24,23,25,26,27,28,29,30,31,32,34,36,37,39,40,36,37,39,40,36,37,39,40,36,41,42,43,27,28,29,30,31,32,34,36,37,39,40,36,37,39,40,36,37,39,40,36,41,42,43,27,28,29,30,31,32,34,36,37,39,40,36,37,39,40,36,37,39,40,36,41,42,43,27,44,45,48]
[47,2,4,6,7,8,10,12,14,15,16,17,18,19,20,21,22,23,24,23,24,23,24,23,24,23,24,23,24,23,25,26,27,28,29,30,31,32,34,36,37,39,40,36,37,39,40,36,37,39,40,36,37,39,40,36,37,39,40,36,41,42,43,27,28,29,30,31,32,34,36,37,39,40,36,37,39,40,36,37,39,40,36,37,39,40,36,37,39,40,36,41,42,43,27,28,29,30,31,32,34,36,37,39,40,36,37,39,40,36,37,39,40,36,37,39,40,36,37,39,40,36,41,42,43,27,28,29,30,31,32,34,36,37,39,40,36,37,39,40,36,37,38,36,37,38,36,37,39,40,36,41,42,43,27,28,29,30,31,32,34,36,37,38,36,37,39,40,36,37,39,40,36,37,39,40,36,37,39,40,36,41,42,43,27,28,29,30,31,32,34,36,37,39,40,36,37,39,40,36,37,39,40,36,37,39,40,36,37,39,40,36,41,42,43,27,28,29,30,31,32,34,36,37,39,40,36,37,39,40,36,37,39,40,36,37,39,40,36,37,39,40,36,41,42,43,27,28,29,30,31,32,34,36,37,39,40,36,37,39,40,36,37,39,40,36,37,39,40,36,37,39,40,36,41,42,43,27,44,45,48]
[47,2,4,6,7,8,10,12,14,20,21,22,23,24,23,24,23,24,23,24,23,24,23,24,23,25,26,27,28,29,30,31,32,34,36,37,39,40,36,37,39,40,36,37,39,40,36,37,39,40,36,37,39,40,36,41,42,43,27,28,29,30,31,32,34,36,37,39,40,36,37,39,40,36,37,39,40,36,37,39,40,36,37,39,40,36,41,42,43,27,28,29,30,31,32,34,36,37,39,40,36,37,39,40,36,37,39,40,36,37,39,40,36,37,39,40,36,41,42,43,27,28,29,30,31,32,34,36,37,39,40,36,37,39,40,36,37,38,36,37,38,36,37,39,40,36,41,42,43,27,28,29,30,31,32,34,36,37,38,36,37,39,40,36,37,39,40,36,37,39,40,36,37,39,40,36,41,42,43,27,28,29,30,31,32,34,36,37,39,40,36,37,39,40,36,37,39,40,36,37,39,40,36,37,39,40,36,41,42,43,27,28,29,30,31,32,34,36,37,39,40,36,37,39,40,36,37,39,40,36,37,39,40,36,37,39,40,36,41,42,43,27,28,29,30,31,32,34,36,37,39,40,36,37,39,40,36,37,39,40,36,37,39,40,36,37,39,40,36,41,42,43,27,44,45,48]
[47,2,4,6,7,8,10,12,14,20,21,22,23,24,23,24,23,24,23,24,23,24,23,24,23,25,26,27,28,29,30,31,32,34,36,37,39,40,36,37,39,40,36,37,39,40,36,37,39,40,36,37,39,40,36,41,42,43,27,28,29,30,31,32,34,36,37,39,40,36,37,39,40,36,37,39,40,36,37,39,40,36,37,39,40,36,41,42,43,27,28,29,30,31,32,34,36,37,39,40,36,37,39,40,36,37,39,40,36,37,39,40,36,37,39,40,36,41,42,43,27,28,29,30,31,32,34,36,37,39,40,36,37,39,40,36,37,39,40,36,37,39,40,36,37,39,40,36,41,42,43,27,28,29,30,31,32,34,36,37,39,40,36,37,39,40,36,37,39,40,36,37,39,40,36,37,39,40,36,41,42,43,27,28,29,30,31,32,34,36,37,39,40,36,37,39,40,36,37,39,40,36,37,39,40,36,37,39,40,36,41,42,43,27,28,29,30,31,32,34,36,37,39,40,36,37,39,40,36,37,39,40,36,37,39,40,36,37,39,40,36,41,42,43,27,28,29,30,31,32,34,36,37,39,40,36,37,39,40,36,37,39,40,36,37,39,40,36,37,39,40,36,41,42,43,27,44,45,48]
[47,2,4,6,7,8,10,12,14,15,16,17,18,19,20,21,22,23,24,23,24,23,24,23,24,23,24,23,24,23,25,26,27,28,29,30,31,32,34,36,37,39,40,36,37,39,40,36,37,39,40,36,37,39,40,36,37,39,40,36,41,42,43,27,28,29,30,31,32,34,36,37,39,40,36,37,39,40,36,37,39,40,36,37,39,40,36,37,39,40,36,41,42,43,27,28,29,30,31,32,34,36,37,39,40,36,37,39,40,36,37,39,40,36,37,39,40,36,37,39,40,36,41,42,43,27,28,29,30,31,32,34,36,37,39,40,36,37,39,40,36,37,39,40,36,37,39,40,36,37,39,40,36,41,42,43,27,28,29,30,31,32,34,36,37,39,40,36,37,39,40,36,37,39,40,36,37,39,40,36,37,39,40,36,41,42,43,27,28,29,30,31,32,34,36,37,39,40,36,37,39,40,36,37,39,40,36,37,39,40,36,37,39,40,36,41,42,43,27,28,29,30,31,32,34,36,37,39,40,36,37,39,40,36,37,39,40,36,37,39,40,36,37,39,40,36,41,42,43,27,28,29,30,31,32,34,36,37,39,40,36,37,39,40,36,37,39,40,36,37,39,40,36,37,39,40,36,41,42,43,27,44,45,48]
[47,2,4,6,7,8,10,12,14,20,21,22,23,24,23,24,23,24,23,24,23,24,23,24,23,25,26,27,28,29,30,31,32,34,36,37,38,36,37,39,40,36,37,39,40,36,37,39,40,36,37,39,40,36,41,42,43,27,28,29,30,31,32,34,36,37,39,40,36,37,39,40,36,37,39,40,36,37,39,40,36,37,39,40,36,41,42,43,27,28,29,30,31,32,34,36,37,39,40,36,37,39,40,36,37,38,36,37,38,36,37,39,40,36,41,42,43,27,28,29,30,31,32,34,36,37,39,40,36,37,39,40,36,37,38,36,37,38,36,37,39,40,36,41,42,43,27,28,29,30,31,32,34,36,37,39,40,36,37,39,40,36,37,39,40,36,37,39,40,36,37,38,36,41,42,43,27,44,45,48]