1. [47,2,4,6,7,8,10,12,14,20,21,22,23,25,26,27,28,29,30,31,32,34,35,36,37,39,40]
2. [47,2,4,6,7,8,10,12,14,20,21,22,23,25,26,27,28,29,30,31,32,34,35,36,41,42,43]
3. [47,2,4,6,7,8,10,12,14,20,21,22,23,25,26,27,28,29,30,31,32,34,35,36,37,38]
4. [47,2,4,6,7,8,10,12,14,20,21,22,23,25,26,27,28,29,30,31,32,34,36,37,39,40]
5. [47,2,4,6,7,8,10,12,14,20,21,22,23,25,26,27,28,29,30,31,32,34,36,41,42,43]
6. [47,2,4,6,7,8,10,12,14,20,21,22,23,25,26,27,28,29,30,31,32,34,36,37,38]
7. [47,2,4,6,7,8,10,12,14,20,21,22,23,25,26,27,28,29,30,31,32,33,48]
8. [47,2,4,6,7,8,10,12,14,20,21,22,23,25,26,27,44,45,48]
9. [47,2,4,6,7,8,10,12,14,20,21,22,23,25,26,27,44,46,48]
10. [24,23,25,26,27,28,29,30,31,32,34,35,36,41,42,43]
11. [24,23,25,26,27,28,29,30,31,32,34,35,36,37,39,40]
12. [24,23,25,26,27,28,29,30,31,32,34,36,41,42,43]
13. [24,23,25,26,27,28,29,30,31,32,34,36,37,39,40]
14. [28,29,30,31,32,34,35,36,41,42,43,27,44,45,48]
15. [37,39,40,36,41,42,43,27,28,29,30,31,32,34,35]
16. [41,42,43,27,28,29,30,31,32,34,35,36,37,39,40]
17. [37,39,40,36,41,42,43,27,28,29,30,31,32,33,48]
18. [28,29,30,31,32,34,35,36,41,42,43,27,44,46,48]
19. [24,23,25,26,27,28,29,30,31,32,34,35,36,37,38]
20. [47,2,4,6,7,8,10,12,14,15,16,17,18,19]
21. [47,2,4,6,7,8,10,12,14,20,21,22,23,24]
22. [34,35,36,41,42,43,27,28,29,30,31,32,33,48]
23. [28,29,30,31,32,34,36,41,42,43,27,44,45,48]
24. [28,29,30,31,32,34,36,41,42,43,27,44,46,48]
25. [41,42,43,27,28,29,30,31,32,34,36,37,39,40]
26. [41,42,43,27,28,29,30,31,32,34,35,36,37,38]
27. [24,23,25,26,27,28,29,30,31,32,34,36,37,38]
28. [34,36,41,42,43,27,28,29,30,31,32,33,48]
29. [34,35,36,41,42,43,27,28,29,30,31,32,34]
30. [35,36,41,42,43,27,28,29,30,31,32,34,35]
31. [36,41,42,43,27,28,29,30,31,32,34,35,36]
32. [42,43,27,28,29,30,31,32,34,35,36,41,42]
33. [41,42,43,27,28,29,30,31,32,34,35,36,41]
34. [41,42,43,27,28,29,30,31,32,34,36,37,38]
35. [29,30,31,32,34,35,36,41,42,43,27,28,29]
36. [28,29,30,31,32,34,35,36,41,42,43,27,28]
37. [43,27,28,29,30,31,32,34,35,36,41,42,43]
38. [27,28,29,30,31,32,34,35,36,41,42,43,27]
39. [31,32,34,35,36,41,42,43,27,28,29,30,31]
40. [32,34,35,36,41,42,43,27,28,29,30,31,32]
41. [30,31,32,34,35,36,41,42,43,27,28,29,30]
42. [24,23,25,26,27,28,29,30,31,32,33,48]
43. [43,27,28,29,30,31,32,34,36,41,42,43]
44. [32,34,36,41,42,43,27,28,29,30,31,32]
45. [34,36,41,42,43,27,28,29,30,31,32,34]
46. [42,43,27,28,29,30,31,32,34,36,41,42]
47. [41,42,43,27,28,29,30,31,32,34,36,41]
48. [36,41,42,43,27,28,29,30,31,32,34,36]
49. [29,30,31,32,34,36,41,42,43,27,28,29]
50. [28,29,30,31,32,34,36,41,42,43,27,28]
51. [27,28,29,30,31,32,34,36,41,42,43,27]
52. [31,32,34,36,41,42,43,27,28,29,30,31]
53. [30,31,32,34,36,41,42,43,27,28,29,30]
54. [37,39,40,36,41,42,43,27,44,45,48]
55. [37,39,40,36,41,42,43,27,44,46,48]
56. [47,2,4,6,7,8,10,12,13,48]
57. [47,2,4,6,7,8,10,11,48]
58. [24,23,25,26,27,44,45,48]
59. [24,23,25,26,27,44,46,48]
60. [47,2,4,6,7,8,9,48]
61. [47,2,4,5,48]
62. [39,40,36,37,39]
63. [40,36,37,39,40]
64. [39,40,36,37,38]
65. [36,37,39,40,36]
66. [37,39,40,36,37]
67. [47,2,3,48]
68. [23,24,23]
69. [24,23,24]