org.apache.commons.lang3.StringUtilsTest.testDifferenceAt_StringArray()
[33,2,3,34]
[33,2,3,34]
[33,2,3,34]
[33,2,4,5,6,7,8,9,10,11,12,9,10,11,12,9,17,18,34]
[33,2,4,5,6,7,8,9,10,13,14,15,16,9,10,13,14,15,16,9,17,18,34]
[33,2,4,5,6,7,8,9,10,13,14,15,16,9,10,11,12,9,17,19,20,34]
[33,2,4,5,6,7,8,9,10,13,14,15,16,9,10,11,12,9,10,11,12,9,17,19,20,34]
[33,2,4,5,6,7,8,9,10,11,12,9,10,11,12,9,10,13,14,15,16,9,17,19,20,34]
[33,2,4,5,6,7,8,9,10,13,14,15,16,9,10,13,14,15,16,9,17,19,20,34]
[33,2,4,5,6,7,8,9,10,13,14,15,16,9,10,13,14,15,16,9,17,19,20,34]
[33,2,4,5,6,7,8,9,10,13,14,15,16,9,10,13,14,15,16,9,17,19,21,22,23,24,25,24,28,22,23,24,25,24,28,22,23,24,25,24,28,22,30,32,34]
[33,2,4,5,6,7,8,9,10,13,14,15,16,9,10,13,14,15,16,9,17,19,21,22,23,24,25,24,28,22,30,31,34]
[33,2,4,5,6,7,8,9,10,13,14,15,16,9,10,13,14,15,16,9,17,19,21,22,23,24,25,24,28,22,23,24,25,24,28,22,30,31,34]
[33,2,4,5,6,7,8,9,10,13,14,15,16,9,10,13,14,15,16,9,17,19,21,22,23,24,25,24,28,22,23,24,25,24,28,22,23,24,25,26,27,28,29,30,32,34]
[33,2,4,5,6,7,8,9,10,13,14,15,16,9,10,13,14,15,16,9,17,19,21,22,23,24,25,26,27,28,29,30,32,34]
[33,2,4,5,6,7,8,9,10,13,14,15,16,9,10,13,14,15,16,9,17,19,21,22,23,24,25,26,27,28,29,30,32,34]
[33,2,4,5,6,7,8,9,10,13,14,15,16,9,10,13,14,15,16,9,17,19,21,22,23,24,25,24,28,22,23,24,25,24,28,22,23,24,25,24,28,22,23,24,25,24,28,22,23,24,25,24,28,22,23,24,25,24,28,22,23,24,25,24,28,22,23,24,25,26,27,28,29,30,32,34]
