1. [33,2,4,5,6,7,8,9,17,19,21,22,23,24,25,26,27,28,29,30,31,34]
2. [33,2,4,5,6,7,8,9,17,19,21,22,23,24,25,26,27,28,29,30,32,34]
3. [10,13,14,15,16,9,17,19,21,22,23,24,25,26,27,28,29,30,32,34]
4. [10,13,14,15,16,9,17,19,21,22,23,24,25,26,27,28,29,30,31,34]
5. [33,2,4,5,6,7,8,9,17,19,21,22,23,24,28,29,30,32,34]
6. [33,2,4,5,6,7,8,9,17,19,21,22,23,24,28,29,30,31,34]
7. [10,13,14,15,16,9,17,19,21,22,23,24,28,29,30,32,34]
8. [10,13,14,15,16,9,17,19,21,22,23,24,28,29,30,31,34]
9. [33,2,4,5,6,7,8,9,17,19,21,22,30,31,34]
10. [33,2,4,5,6,7,8,9,17,19,21,22,30,32,34]
11. [33,2,4,5,6,7,8,9,10,13,14,15,16]
12. [10,13,14,15,16,9,17,19,21,22,30,32,34]
13. [10,13,14,15,16,9,17,19,21,22,30,31,34]
14. [33,2,4,5,6,7,8,9,17,19,20,34]
15. [33,2,4,5,6,7,8,9,17,18,34]
16. [33,2,4,5,6,7,8,9,10,11,12]
17. [10,13,14,15,16,9,17,19,20,34]
18. [23,24,25,26,27,28,22,30,32,34]
19. [23,24,25,26,27,28,22,30,31,34]
20. [10,13,14,15,16,9,17,18,34]
21. [13,14,15,16,9,10,11,12]
22. [24,25,26,27,28,22,23,24]
23. [23,24,25,26,27,28,22,23]
24. [26,27,28,22,23,24,25,26]
25. [27,28,22,23,24,25,26,27]
26. [25,26,27,28,22,23,24,25]
27. [28,22,23,24,25,26,27,28]
28. [22,23,24,25,26,27,28,22]
29. [13,14,15,16,9,10,13]
30. [10,13,14,15,16,9,10]
31. [16,9,10,13,14,15,16]
32. [9,10,13,14,15,16,9]
33. [15,16,9,10,13,14,15]
34. [14,15,16,9,10,13,14]
35. [25,24,28,22,30,32,34]
36. [25,24,28,22,30,31,34]
37. [25,24,28,29,30,31,34]
38. [25,24,28,29,30,32,34]
39. [23,24,28,22,30,31,34]
40. [23,24,28,22,30,32,34]
41. [24,28,22,23,24]
42. [28,22,23,24,28]
43. [22,23,24,28,22]
44. [25,24,28,22,23]
45. [23,24,28,22,23]
46. [33,2,3,34]
47. [24,25,24]
48. [25,24,25]