org.apache.commons.math4.dfp.DfpTest.testNextAfter()
[39,2,7,8,9,10,12,14,15,16,17,18,20,32,35,38,40]
[39,2,7,8,10,12,14,21,22,23,24,25,27,28,29,31,32,35,38,40]
[39,2,7,8,10,12,14,21,22,23,24,25,26,29,31,32,35,38,40]
[39,2,7,8,9,10,12,14,15,16,17,18,20,32,35,38,40]
[39,2,7,8,10,12,13,14,15,16,17,18,20,32,35,38,40]
[39,2,7,8,9,10,12,13,14,21,22,23,24,25,26,29,31,32,35,38,40]
[39,2,7,8,10,12,13,14,15,16,17,18,20,32,35,38,40]
[39,2,7,8,10,11,40]
[39,2,7,8,10,11,40]
[39,2,7,8,10,11,40]
[39,2,7,8,9,10,12,14,15,16,17,18,19,20,32,35,38,40]
[39,2,7,8,10,12,14,21,22,23,24,25,27,28,29,30,31,32,35,38,40]
[39,2,7,8,9,10,12,13,14,21,22,23,24,25,26,29,31,32,35,36,37,38,40]
[39,2,7,8,10,12,14,21,22,23,24,25,26,29,31,32,35,36,37,38,40]
[39,2,7,8,9,10,12,14,15,16,17,18,20,32,33,34,35,38,40]