1. [39,2,7,8,9,10,12,13,14,21,22,23,24,25,27,28,29,30,31,32,33,34,35,36,37,38,40]
2. [39,2,7,8,9,10,12,13,14,21,22,23,24,25,27,28,29,31,32,33,34,35,36,37,38,40]
3. [39,2,7,8,9,10,12,13,14,21,22,23,24,25,26,29,30,31,32,33,34,35,36,37,38,40]
4. [39,2,7,8,9,10,12,14,21,22,23,24,25,27,28,29,30,31,32,33,34,35,36,37,38,40]
5. [39,2,7,8,10,12,13,14,21,22,23,24,25,27,28,29,30,31,32,33,34,35,36,37,38,40]
6. [39,2,7,8,9,10,12,14,21,22,23,24,25,26,29,30,31,32,33,34,35,36,37,38,40]
7. [39,2,7,8,9,10,12,14,21,22,23,24,25,27,28,29,31,32,33,34,35,36,37,38,40]
8. [39,2,7,8,9,10,12,13,14,21,22,23,24,25,27,28,29,30,31,32,35,36,37,38,40]
9. [39,2,7,8,9,10,12,13,14,21,22,23,24,25,26,29,31,32,33,34,35,36,37,38,40]
10. [39,2,7,8,9,10,12,13,14,21,22,23,24,25,27,28,29,30,31,32,33,34,35,38,40]
11. [39,2,7,8,10,12,13,14,21,22,23,24,25,26,29,30,31,32,33,34,35,36,37,38,40]
12. [39,2,7,8,10,12,13,14,21,22,23,24,25,27,28,29,31,32,33,34,35,36,37,38,40]
13. [39,2,7,8,10,12,14,21,22,23,24,25,27,28,29,30,31,32,33,34,35,36,37,38,40]
14. [39,2,7,8,9,10,12,14,21,22,23,24,25,27,28,29,30,31,32,35,36,37,38,40]
15. [39,2,7,8,9,10,12,14,21,22,23,24,25,27,28,29,30,31,32,33,34,35,38,40]
16. [39,2,7,8,9,10,12,14,21,22,23,24,25,26,29,31,32,33,34,35,36,37,38,40]
17. [39,2,7,8,10,12,13,14,21,22,23,24,25,27,28,29,30,31,32,35,36,37,38,40]
18. [39,2,7,8,10,12,13,14,21,22,23,24,25,27,28,29,30,31,32,33,34,35,38,40]
19. [39,2,7,8,10,12,13,14,21,22,23,24,25,26,29,31,32,33,34,35,36,37,38,40]
20. [39,2,7,8,9,10,12,13,14,21,22,23,24,25,26,29,30,31,32,35,36,37,38,40]
21. [39,2,7,8,9,10,12,13,14,21,22,23,24,25,26,29,30,31,32,33,34,35,38,40]
22. [39,2,7,8,9,10,12,13,14,21,22,23,24,25,27,28,29,31,32,33,34,35,38,40]
23. [39,2,7,8,9,10,12,13,14,21,22,23,24,25,27,28,29,31,32,35,36,37,38,40]
24. [39,2,7,8,10,12,14,21,22,23,24,25,26,29,30,31,32,33,34,35,36,37,38,40]
25. [39,2,7,8,10,12,14,21,22,23,24,25,27,28,29,31,32,33,34,35,36,37,38,40]
26. [39,2,7,8,10,12,13,14,21,22,23,24,25,26,29,30,31,32,35,36,37,38,40]
27. [39,2,7,8,9,10,12,14,21,22,23,24,25,27,28,29,31,32,35,36,37,38,40]
28. [39,2,7,8,9,10,12,14,21,22,23,24,25,27,28,29,31,32,33,34,35,38,40]
29. [39,2,7,8,10,12,13,14,21,22,23,24,25,26,29,30,31,32,33,34,35,38,40]
30. [39,2,7,8,10,12,13,14,21,22,23,24,25,27,28,29,31,32,33,34,35,38,40]
31. [39,2,7,8,10,12,14,21,22,23,24,25,27,28,29,30,31,32,35,36,37,38,40]
32. [39,2,7,8,10,12,14,21,22,23,24,25,27,28,29,30,31,32,33,34,35,38,40]
33. [39,2,7,8,10,12,13,14,21,22,23,24,25,27,28,29,31,32,35,36,37,38,40]
34. [39,2,7,8,10,12,14,21,22,23,24,25,26,29,31,32,33,34,35,36,37,38,40]
35. [39,2,7,8,9,10,12,13,14,21,22,23,24,25,26,29,31,32,35,36,37,38,40]
36. [39,2,7,8,9,10,12,13,14,21,22,23,24,25,26,29,31,32,33,34,35,38,40]
37. [39,2,7,8,9,10,12,13,14,21,22,23,24,25,27,28,29,30,31,32,35,38,40]
38. [39,2,7,8,9,10,12,13,14,15,16,17,18,19,20,32,33,34,35,36,37,38,40]
39. [39,2,7,8,9,10,12,14,21,22,23,24,25,26,29,30,31,32,35,36,37,38,40]
40. [39,2,7,8,9,10,12,14,21,22,23,24,25,26,29,30,31,32,33,34,35,38,40]
41. [39,2,7,8,10,12,14,21,22,23,24,25,26,29,30,31,32,35,36,37,38,40]
42. [39,2,7,8,10,12,14,21,22,23,24,25,26,29,30,31,32,33,34,35,38,40]
43. [39,2,7,8,10,12,14,21,22,23,24,25,27,28,29,31,32,33,34,35,38,40]
44. [39,2,7,8,10,12,13,14,21,22,23,24,25,26,29,31,32,35,36,37,38,40]
45. [39,2,7,8,10,12,13,14,21,22,23,24,25,27,28,29,30,31,32,35,38,40]
46. [39,2,7,8,10,12,14,21,22,23,24,25,27,28,29,31,32,35,36,37,38,40]
47. [39,2,7,8,10,12,13,14,21,22,23,24,25,26,29,31,32,33,34,35,38,40]
48. [39,2,7,8,9,10,12,14,15,16,17,18,19,20,32,33,34,35,36,37,38,40]
49. [39,2,7,8,9,10,12,13,14,21,22,23,24,25,27,28,29,31,32,35,38,40]
50. [39,2,7,8,9,10,12,13,14,15,16,17,18,20,32,33,34,35,36,37,38,40]
51. [39,2,7,8,9,10,12,13,14,21,22,23,24,25,26,29,30,31,32,35,38,40]
52. [39,2,7,8,10,12,13,14,15,16,17,18,19,20,32,33,34,35,36,37,38,40]
53. [39,2,7,8,9,10,12,14,21,22,23,24,25,26,29,31,32,33,34,35,38,40]
54. [39,2,7,8,9,10,12,14,21,22,23,24,25,26,29,31,32,35,36,37,38,40]
55. [39,2,7,8,9,10,12,14,21,22,23,24,25,27,28,29,30,31,32,35,38,40]
56. [39,2,7,8,10,12,14,21,22,23,24,25,26,29,31,32,35,36,37,38,40]
57. [39,2,7,8,10,12,14,21,22,23,24,25,26,29,31,32,33,34,35,38,40]
58. [39,2,7,8,10,12,14,21,22,23,24,25,27,28,29,30,31,32,35,38,40]
59. [39,2,7,8,9,10,12,14,15,16,17,18,20,32,33,34,35,36,37,38,40]
60. [39,2,7,8,9,10,12,14,21,22,23,24,25,26,29,30,31,32,35,38,40]
61. [39,2,7,8,9,10,12,13,14,15,16,17,18,19,20,32,35,36,37,38,40]
62. [39,2,7,8,9,10,12,13,14,15,16,17,18,19,20,32,33,34,35,38,40]
63. [39,2,7,8,9,10,12,13,14,21,22,23,24,25,26,29,31,32,35,38,40]
64. [39,2,7,8,10,12,14,15,16,17,18,19,20,32,33,34,35,36,37,38,40]
65. [39,2,7,8,10,12,13,14,21,22,23,24,25,27,28,29,31,32,35,38,40]
66. [39,2,7,8,10,12,13,14,21,22,23,24,25,26,29,30,31,32,35,38,40]
67. [39,2,7,8,9,10,12,14,21,22,23,24,25,27,28,29,31,32,35,38,40]
68. [39,2,7,8,10,12,13,14,15,16,17,18,20,32,33,34,35,36,37,38,40]
69. [39,2,7,8,10,12,14,21,22,23,24,25,27,28,29,31,32,35,38,40]
70. [39,2,7,8,9,10,12,14,15,16,17,18,19,20,32,33,34,35,38,40]
71. [39,2,7,8,9,10,12,14,15,16,17,18,19,20,32,35,36,37,38,40]
72. [39,2,7,8,9,10,12,14,21,22,23,24,25,26,29,31,32,35,38,40]
73. [39,2,7,8,9,10,12,13,14,15,16,17,18,20,32,33,34,35,38,40]
74. [39,2,7,8,9,10,12,13,14,15,16,17,18,20,32,35,36,37,38,40]
75. [39,2,7,8,10,12,14,21,22,23,24,25,26,29,30,31,32,35,38,40]
76. [39,2,7,8,10,12,14,15,16,17,18,20,32,33,34,35,36,37,38,40]
77. [39,2,7,8,10,12,13,14,15,16,17,18,19,20,32,35,36,37,38,40]
78. [39,2,7,8,10,12,13,14,15,16,17,18,19,20,32,33,34,35,38,40]
79. [39,2,7,8,10,12,13,14,21,22,23,24,25,26,29,31,32,35,38,40]
80. [39,2,7,8,10,12,13,14,15,16,17,18,20,32,35,36,37,38,40]
81. [39,2,7,8,10,12,13,14,15,16,17,18,20,32,33,34,35,38,40]
82. [39,2,7,8,9,10,12,14,15,16,17,18,20,32,35,36,37,38,40]
83. [39,2,7,8,9,10,12,13,14,15,16,17,18,19,20,32,35,38,40]
84. [39,2,7,8,9,10,12,14,15,16,17,18,20,32,33,34,35,38,40]
85. [39,2,7,8,10,12,14,15,16,17,18,19,20,32,33,34,35,38,40]
86. [39,2,7,8,10,12,14,15,16,17,18,19,20,32,35,36,37,38,40]
87. [39,2,7,8,10,12,14,21,22,23,24,25,26,29,31,32,35,38,40]
88. [39,2,7,8,10,12,13,14,15,16,17,18,19,20,32,35,38,40]
89. [39,2,7,8,9,10,12,13,14,15,16,17,18,20,32,35,38,40]
90. [39,2,7,8,9,10,12,14,15,16,17,18,19,20,32,35,38,40]
91. [39,2,7,8,10,12,14,15,16,17,18,20,32,33,34,35,38,40]
92. [39,2,7,8,10,12,14,15,16,17,18,20,32,35,36,37,38,40]
93. [39,2,7,8,10,12,13,14,15,16,17,18,20,32,35,38,40]
94. [39,2,7,8,10,12,14,15,16,17,18,19,20,32,35,38,40]
95. [39,2,7,8,9,10,12,14,15,16,17,18,20,32,35,38,40]
96. [39,2,7,8,10,12,14,15,16,17,18,20,32,35,38,40]
97. [39,2,7,8,9,10,11,40]
98. [39,2,3,4,5,6,40]
99. [39,2,7,8,10,11,40]