org.apache.commons.lang3.ConversionTest.testIntToHex()
[17,2,3,18]
[17,2,3,18]
[17,2,3,18]
[17,2,3,18]
[17,2,4,6,7,8,9,10,11,14,15,8,16,18]
[17,2,4,6,7,8,9,10,11,14,15,8,9,10,11,14,15,8,16,18]
[17,2,4,6,7,8,9,10,11,14,15,8,9,10,11,14,15,8,9,10,11,14,15,8,9,10,11,14,15,8,16,18]
[17,2,4,6,7,8,9,10,11,14,15,8,9,10,11,14,15,8,9,10,11,14,15,8,9,10,11,14,15,8,9,10,11,14,15,8,9,10,11,14,15,8,9,10,11,14,15,8,16,18]
[17,2,4,6,7,8,9,10,11,14,15,8,9,10,11,14,15,8,9,10,11,14,15,8,9,10,11,14,15,8,9,10,11,14,15,8,9,10,11,14,15,8,9,10,11,14,15,8,9,10,11,14,15,8,16,18]
[17,2,4,6,7,8,9,10,11,14,15,8,16,18]
[17,2,4,6,7,8,9,10,11,14,15,8,9,10,11,14,15,8,16,18]
[17,2,4,6,7,8,9,10,11,14,15,8,9,10,11,14,15,8,9,10,11,14,15,8,9,10,11,14,15,8,16,18]
[17,2,4,6,7,8,9,10,11,14,15,8,9,10,11,14,15,8,9,10,11,14,15,8,9,10,11,14,15,8,9,10,11,14,15,8,9,10,11,14,15,8,9,10,11,14,15,8,16,18]
[17,2,4,6,7,8,9,10,11,14,15,8,9,10,11,14,15,8,9,10,11,14,15,8,9,10,11,14,15,8,9,10,11,14,15,8,9,10,11,14,15,8,9,10,11,14,15,8,9,10,11,14,15,8,16,18]
[17,2,4,6,7,8,9,10,11,14,15,8,16,18]
[17,2,4,6,7,8,9,10,11,14,15,8,16,18]
[17,2,4,6,7,8,9,10,11,14,15,8,9,10,11,14,15,8,9,10,11,14,15,8,9,10,11,14,15,8,9,10,11,14,15,8,9,10,11,14,15,8,9,10,11,14,15,8,9,10,11,14,15,8,16,18]
[17,2,4,6,7,8,9,10,11,14,15,8,9,10,11,14,15,8,9,10,11,14,15,8,9,10,11,14,15,8,9,10,11,14,15,8,9,10,11,14,15,8,9,10,11,14,15,8,16,18]
[17,2,4,6,7,8,9,10,11,12,13,8,9,10,11,12,13,8,9,10,11,12,13,8,9,10,11,12,13,8,9,10,11,12,13,8,9,10,11,12,13,8,9,10,11,12,13,8,9,10,11,12,13,8,16,18]