1. [17,2,4,6,7,8,9,10,11,12,13,14]
2. [17,2,4,6,7,8,9,10,11,15]
3. [9,10,11,12,13,14,8,16,18]
4. [14,8,9,10,11,12,13,14]
5. [15,8,9,10,11,12,13,14]
6. [17,2,4,6,7,8,16,18]
7. [8,9,10,11,12,13,14,8]
8. [12,13,14,8,9,10,11,12]
9. [11,12,13,14,8,9,10,11]
10. [12,13,14,8,9,10,11,15]
11. [13,14,8,9,10,11,12,13]
12. [9,10,11,12,13,14,8,9]
13. [10,11,12,13,14,8,9,10]
14. [9,10,11,15,8,16,18]
15. [15,8,9,10,11,15]
16. [8,9,10,11,15,8]
17. [11,15,8,9,10,11]
18. [9,10,11,15,8,9]
19. [10,11,15,8,9,10]
20. [17,2,4,5,18]
21. [17,2,3,18]