org.apache.commons.lang3.CharSetUtilsTest.testSqueeze_StringString()
[26,2,3,27]
[26,2,3,27]
[26,2,3,27]
[26,2,3,27]
[26,2,3,27]
[26,2,3,27]
[26,2,3,27]
[26,2,4,5,6,7,8,9,10,11,12,13,14,15,23,24,13,14,15,23,24,13,14,15,16,18,19,22,23,24,13,14,15,23,24,13,25,27]
[26,2,4,5,6,7,8,9,10,11,12,13,14,15,23,24,13,14,15,23,24,13,14,15,16,18,19,20,21,14,15,23,24,13,25,27]
[26,2,4,5,6,7,8,9,10,11,12,13,14,15,23,24,13,14,15,23,24,13,14,15,16,18,19,20,21,14,15,23,24,13,14,15,16,18,19,22,23,24,13,25,27]
[26,2,4,5,6,7,8,9,10,11,12,13,14,15,23,24,13,14,15,23,24,13,14,15,16,18,19,22,23,24,13,14,15,23,24,13,14,15,16,18,19,20,21,25,27]