1. [26,2,4,5,6,7,8,9,10,11,12,13,14,15,16,18,19,22,23,24]
2. [26,2,4,5,6,7,8,9,10,11,12,13,14,15,16,18,19,20,21]
3. [26,2,4,5,6,7,8,9,10,11,12,13,14,15,16,18,23,24]
4. [26,2,4,5,6,7,8,9,10,11,12,13,14,15,23,24]
5. [26,2,4,5,6,7,8,9,10,11,12,13,14,15,16,17]
6. [26,2,4,5,6,7,8,9,10,11,12,13,25,27]
7. [14,15,16,18,19,22,23,24,13,25,27]
8. [22,23,24,13,14,15,16,18,19,20,21]
9. [20,21,13,14,15,16,18,19,22,23,24]
10. [17,13,14,15,16,18,19,22,23,24]
11. [19,20,21,13,14,15,16,18,23,24]
12. [18,19,22,23,24,13,14,15,16,18]
13. [18,19,22,23,24,13,14,15,16,17]
14. [19,22,23,24,13,14,15,16,18,19]
15. [23,24,13,14,15,16,18,19,22,23]
16. [22,23,24,13,14,15,16,18,19,22]
17. [16,18,19,22,23,24,13,14,15,16]
18. [13,14,15,16,18,19,22,23,24,13]
19. [14,15,16,18,19,20,21,13,25,27]
20. [24,13,14,15,16,18,19,22,23,24]
21. [14,15,16,18,19,22,23,24,13,14]
22. [16,18,19,20,21,13,14,15,23,24]
23. [15,16,18,19,22,23,24,13,14,15]
24. [17,13,14,15,16,18,19,20,21]
25. [13,14,15,16,18,19,20,21,13]
26. [21,13,14,15,16,18,19,20,21]
27. [19,20,21,13,14,15,16,18,19]
28. [20,21,13,14,15,16,18,19,20]
29. [18,19,20,21,13,14,15,16,18]
30. [18,19,20,21,13,14,15,16,17]
31. [14,15,16,18,23,24,13,25,27]
32. [15,16,18,19,20,21,13,14,15]
33. [14,15,16,18,19,20,21,13,14]
34. [16,18,19,20,21,13,14,15,16]
35. [17,13,14,15,16,18,23,24]
36. [24,13,14,15,16,18,23,24]
37. [13,14,15,16,18,23,24,13]
38. [23,24,13,14,15,16,18,23]
39. [18,23,24,13,14,15,16,17]
40. [18,23,24,13,14,15,16,18]
41. [14,15,16,18,23,24,13,14]
42. [15,16,18,23,24,13,14,15]
43. [16,18,23,24,13,14,15,16]
44. [14,15,16,17,13,25,27]
45. [14,15,23,24,13,25,27]
46. [16,17,13,14,15,23,24]
47. [17,13,14,15,16,17]
48. [24,13,14,15,23,24]
49. [14,15,16,17,13,14]
50. [13,14,15,23,24,13]
51. [13,14,15,16,17,13]
52. [15,23,24,13,14,15]
53. [23,24,13,14,15,23]
54. [15,16,17,13,14,15]
55. [14,15,23,24,13,14]
56. [16,17,13,14,15,16]
57. [26,2,3,27]