1. [12,2,3,4,5,6,9,10]
2. [4,5,6,9,10,3,11,13]
3. [10,3,4,5,6,9,10]
4. [3,4,5,6,9,10,3]
5. [4,5,6,7,3,11,13]
6. [7,3,4,5,6,9,10]
7. [12,2,3,4,5,6,7]
8. [4,5,6,9,3,11,13]
9. [6,9,10,3,4,5,6]
10. [9,10,3,4,5,6,7]
11. [9,10,3,4,5,6,9]
12. [4,5,6,9,10,3,4]
13. [5,6,9,10,3,4,5]
14. [3,4,5,6,7,3]
15. [3,4,5,6,9,3]
16. [4,5,6,7,3,4]
17. [9,3,4,5,6,9]
18. [7,3,4,5,6,7]
19. [9,3,4,5,6,7]
20. [4,5,6,9,3,4]
21. [6,9,3,4,5,6]
22. [6,7,3,4,5,6]
23. [5,6,7,3,4,5]
24. [5,6,9,3,4,5]
25. [12,2,3,11,13]
26. [4,3,11,13]
27. [4,3,4]
28. [3,4,3]