org.apache.commons.lang3.StringUtilsEqualsIndexOfTest.testLastIndexOfIgnoreCase_StringInt()
[14,2,3,15]
[14,2,3,15]
[14,2,3,15]
[14,2,3,15]
[14,2,3,15]
[14,2,3,15]
[14,2,4,6,8,9,15]
[14,2,4,6,7,15]
[14,2,4,5,6,8,9,15]
[14,2,4,6,8,9,15]
[14,2,4,6,7,15]
[14,2,4,5,6,8,9,15]
[14,2,4,5,6,8,10,11,12,15]
[14,2,4,5,6,8,10,11,10,11,10,11,12,15]
[14,2,4,5,6,8,10,11,10,11,10,11,12,15]
[14,2,4,6,8,10,11,10,11,12,15]
[14,2,4,5,6,8,10,11,10,11,10,11,12,15]
[14,2,4,6,7,15]
[14,2,4,6,8,10,11,10,13,15]
[14,2,4,6,8,10,11,12,15]
[14,2,4,6,8,10,11,12,15]