1. [17,2,4,6,7,8,9,12,13,14,15,18]
2. [17,2,4,6,7,8,9,12,13,16,18]
3. [17,2,4,6,7,8,12,13,14,15,18]
4. [17,2,4,6,8,9,12,13,14,15,18]
5. [17,2,4,6,7,8,12,13,16,18]
6. [17,2,4,6,7,8,9,12,16,18]
7. [17,2,4,6,7,8,9,10,11,18]
8. [17,2,4,6,8,9,12,13,16,18]
9. [17,2,4,6,8,12,13,14,15,18]
10. [17,2,4,6,8,9,12,16,18]
11. [17,2,4,6,8,12,13,16,18]
12. [17,2,4,6,8,9,10,11,18]
13. [17,2,4,6,7,8,12,16,18]
14. [17,2,4,6,8,12,16,18]
15. [10,9,12,13,14,15,18]
16. [10,9,12,13,16,18]
17. [17,2,4,5,18]
18. [10,9,12,16,18]
19. [17,2,3,18]
20. [14,13,16,18]
21. [10,9,10]
22. [13,14,13]
23. [14,13,14]
24. [9,10,9]
