1. [20,2,4,5,6,7,8,9,10,11,12,13,14,15,17,18]
2. [20,2,4,5,6,7,8,9,10,11,12,13,16,17,18]
3. [20,2,4,5,6,7,8,9,10,11,13,14,15,17,18]
4. [20,2,4,5,6,7,8,9,11,12,13,14,15,17,18]
5. [20,2,4,5,6,7,8,9,10,11,13,16,17,18]
6. [20,2,4,5,6,7,8,9,10,11,12,13,17,18]
7. [20,2,4,5,6,7,8,9,11,12,13,16,17,18]
8. [20,2,4,5,6,7,8,9,11,13,14,15,17,18]
9. [20,2,4,5,6,7,8,9,11,12,13,17,18]
10. [20,2,4,5,6,7,8,9,11,13,16,17,18]
11. [20,2,4,5,6,7,8,9,10,11,13,17,18]
12. [8,9,10,11,12,13,14,15,17,18,7,19,21]
13. [20,2,4,5,6,7,8,9,10,11,17,18]
14. [20,2,4,5,6,7,8,9,11,13,17,18]
15. [10,11,12,13,14,15,17,18,7,8,9,10]
16. [11,12,13,14,15,17,18,7,8,9,10,11]
17. [9,10,11,12,13,14,15,17,18,7,8,9]
18. [8,9,10,11,13,14,15,17,18,7,19,21]
19. [8,9,11,12,13,14,15,17,18,7,19,21]
20. [12,13,14,15,17,18,7,8,9,10,11,12]
21. [15,17,18,7,8,9,10,11,12,13,14,15]
22. [16,17,18,7,8,9,10,11,12,13,14,15]
23. [17,18,7,8,9,10,11,12,13,14,15,17]
24. [14,15,17,18,7,8,9,10,11,12,13,16]
25. [13,14,15,17,18,7,8,9,10,11,12,13]
26. [14,15,17,18,7,8,9,10,11,12,13,14]
27. [8,9,10,11,12,13,16,17,18,7,19,21]
28. [8,9,10,11,12,13,14,15,17,18,7,8]
29. [7,8,9,10,11,12,13,14,15,17,18,7]
30. [18,7,8,9,10,11,12,13,14,15,17,18]
31. [18,7,8,9,11,12,13,14,15,17,18]
32. [18,7,8,9,10,11,13,14,15,17,18]
33. [7,8,9,10,11,12,13,16,17,18,7]
34. [7,8,9,11,12,13,14,15,17,18,7]
35. [7,8,9,10,11,13,14,15,17,18,7]
36. [18,7,8,9,10,11,12,13,16,17,18]
37. [20,2,4,5,6,7,8,9,11,17,18]
38. [14,15,17,18,7,8,9,10,11,13,14]
39. [13,14,15,17,18,7,8,9,11,12,13]
40. [14,15,17,18,7,8,9,10,11,13,16]
41. [14,15,17,18,7,8,9,11,12,13,16]
42. [14,15,17,18,7,8,9,11,12,13,14]
43. [13,14,15,17,18,7,8,9,10,11,13]
44. [11,13,14,15,17,18,7,8,9,10,11]
45. [12,13,14,15,17,18,7,8,9,11,12]
46. [12,13,16,17,18,7,8,9,10,11,12]
47. [13,16,17,18,7,8,9,10,11,12,13]
48. [16,17,18,7,8,9,11,12,13,14,15]
49. [16,17,18,7,8,9,10,11,13,14,15]
50. [17,18,7,8,9,10,11,12,13,16,17]
51. [17,18,7,8,9,11,12,13,14,15,17]
52. [17,18,7,8,9,10,11,13,14,15,17]
53. [16,17,18,7,8,9,10,11,12,13,16]
54. [15,17,18,7,8,9,10,11,13,14,15]
55. [15,17,18,7,8,9,11,12,13,14,15]
56. [11,12,13,16,17,18,7,8,9,10,11]
57. [8,9,11,12,13,16,17,18,7,19,21]
58. [8,9,11,12,13,14,15,17,18,7,8]
59. [8,9,11,13,14,15,17,18,7,19,21]
60. [8,9,10,11,13,16,17,18,7,19,21]
61. [8,9,10,11,12,13,16,17,18,7,8]
62. [8,9,10,11,12,13,17,18,7,19,21]
63. [8,9,10,11,13,14,15,17,18,7,8]
64. [9,10,11,12,13,16,17,18,7,8,9]
65. [10,11,12,13,16,17,18,7,8,9,10]
66. [10,11,13,14,15,17,18,7,8,9,10]
67. [11,12,13,14,15,17,18,7,8,9,11]
68. [9,10,11,13,14,15,17,18,7,8,9]
69. [9,11,12,13,14,15,17,18,7,8,9]
70. [18,7,8,9,10,11,13,16,17,18]
71. [18,7,8,9,10,11,12,13,17,18]
72. [18,7,8,9,11,12,13,16,17,18]
73. [18,7,8,9,11,13,14,15,17,18]
74. [7,8,9,10,11,12,13,17,18,7]
75. [8,9,10,11,13,17,18,7,19,21]
76. [8,9,10,11,13,16,17,18,7,8]
77. [8,9,11,12,13,17,18,7,19,21]
78. [8,9,11,12,13,16,17,18,7,8]
79. [7,8,9,11,12,13,16,17,18,7]
80. [7,8,9,10,11,13,16,17,18,7]
81. [7,8,9,11,13,14,15,17,18,7]
82. [8,9,10,11,12,13,17,18,7,8]
83. [8,9,11,13,14,15,17,18,7,8]
84. [13,16,17,18,7,8,9,10,11,13]
85. [14,15,17,18,7,8,9,11,13,16]
86. [14,15,17,18,7,8,9,11,13,14]
87. [13,16,17,18,7,8,9,11,12,13]
88. [13,17,18,7,8,9,10,11,12,13]
89. [12,13,17,18,7,8,9,10,11,12]
90. [12,13,16,17,18,7,8,9,11,12]
91. [13,14,15,17,18,7,8,9,11,13]
92. [17,18,7,8,9,10,11,12,13,17]
93. [17,18,7,8,9,10,11,13,16,17]
94. [17,18,7,8,9,11,13,14,15,17]
95. [17,18,7,8,9,11,12,13,16,17]
96. [16,17,18,7,8,9,11,13,14,15]
97. [15,17,18,7,8,9,11,13,14,15]
98. [16,17,18,7,8,9,11,12,13,16]
99. [16,17,18,7,8,9,10,11,13,16]
100. [9,10,11,13,16,17,18,7,8,9]
101. [9,11,12,13,16,17,18,7,8,9]
102. [9,11,13,14,15,17,18,7,8,9]
103. [8,9,11,13,16,17,18,7,19,21]
104. [9,10,11,12,13,17,18,7,8,9]
105. [11,12,13,16,17,18,7,8,9,11]
106. [11,12,13,17,18,7,8,9,10,11]
107. [11,13,16,17,18,7,8,9,10,11]
108. [11,13,14,15,17,18,7,8,9,11]
109. [10,11,12,13,17,18,7,8,9,10]
110. [10,11,13,16,17,18,7,8,9,10]
111. [18,7,8,9,11,13,16,17,18]
112. [7,8,9,10,11,13,17,18,7]
113. [18,7,8,9,10,11,13,17,18]
114. [18,7,8,9,11,12,13,17,18]
115. [7,8,9,11,12,13,17,18,7]
116. [8,9,11,12,13,17,18,7,8]
117. [8,9,10,11,17,18,7,19,21]
118. [8,9,11,13,17,18,7,19,21]
119. [8,9,11,13,16,17,18,7,8]
120. [7,8,9,11,13,16,17,18,7]
121. [8,9,10,11,13,17,18,7,8]
122. [13,17,18,7,8,9,10,11,13]
123. [13,17,18,7,8,9,11,12,13]
124. [13,16,17,18,7,8,9,11,13]
125. [11,13,17,18,7,8,9,10,11]
126. [12,13,17,18,7,8,9,11,12]
127. [17,18,7,8,9,10,11,13,17]
128. [17,18,7,8,9,11,13,16,17]
129. [17,18,7,8,9,11,12,13,17]
130. [16,17,18,7,8,9,11,13,16]
131. [11,13,16,17,18,7,8,9,11]
132. [9,11,12,13,17,18,7,8,9]
133. [9,11,13,16,17,18,7,8,9]
134. [9,10,11,13,17,18,7,8,9]
135. [11,12,13,17,18,7,8,9,11]
136. [10,11,13,17,18,7,8,9,10]
137. [7,8,9,10,11,17,18,7]
138. [18,7,8,9,11,13,17,18]
139. [7,8,9,11,13,17,18,7]
140. [8,9,11,17,18,7,19,21]
141. [8,9,11,13,17,18,7,8]
142. [8,9,10,11,17,18,7,8]
143. [20,2,4,5,6,7,19,21]
144. [18,7,8,9,10,11,17,18]
145. [11,13,17,18,7,8,9,11]
146. [11,17,18,7,8,9,10,11]
147. [17,18,7,8,9,10,11,17]
148. [17,18,7,8,9,11,13,17]
149. [13,17,18,7,8,9,11,13]
150. [9,11,13,17,18,7,8,9]
151. [9,10,11,17,18,7,8,9]
152. [10,11,17,18,7,8,9,10]
153. [7,8,9,11,17,18,7]
154. [8,9,11,17,18,7,8]
155. [18,7,8,9,11,17,18]
156. [17,18,7,8,9,11,17]
157. [11,17,18,7,8,9,11]
158. [9,11,17,18,7,8,9]
159. [20,2,3,21]